SW4_9   0.0000 0.6000 0.1429 0.1831 0.3640 0.2532 1.0000 0.4444 1 0
SW6_9   0.0000 1.0000 1.0000 0.6765 0.7668 0.1011 0.0000 0.0000 0 1
SW29_0  0.5000 1.0000 0.7143 0.2500 0.5088 0.1415 1.0000 0.7000 0 1
SW32_19 0.0000 0.8000 0.2857 0.4814 0.6123 0.0409 0.0000 1.0000 0 1
SW40_7  1.0000 0.0000 1.0000 0.9221 0.2249 0.3011 1.0000 0.1667 1 0
SW41_1  0.0000 0.8750 1.0000 0.0138 0.0439 0.0149 0.0000 0.8333 0 1
SW41_4  0.0000 0.6000 0.1429 0.1979 0.3114 0.0422 1.0000 0.2000 1 0
SW42_10 0.0000 0.6000 0.1429 0.1900 0.1466 0.0779 1.0000 0.2222 1 0
SW70_20 0.7500 0.8000 0.2857 0.7949 0.4850 1.0000 0.5000 1.0000 1 0
SW72_7  0.1250 0.0000 0.0000 0.3166 0.3845 0.1121 1.0000 0.5833 1 0
SW110_5  1.0000 1.0000 0.8571 0.9231 0.3838 0.3746 0.0417 0.1667 0 1
SW112_3  0.0000 1.0000 0.4286 0.0568 0.1815 0.1124 1.0000 0.3750 1 0
SW115_6  0.8750 1.0000 0.8571 0.6906 0.4228 1.0000 0.5000 1.0000 1 0
SW118_6  1.0000 0.3750 1.0000 0.4695 0.3393 0.2671 1.0000 0.4000 1 0
SW119_0  1.0000 0.5000 1.0000 0.7323 0.2172 0.3070 0.5000 1.0000 0 1
SW120_0  0.5000 1.0000 0.8571 0.2500 0.1765 0.0749 1.0000 0.3750 0 1
SW45_3  0.0000 0.0000 0.0000 0.8034 0.7877 0.0274 0.5000 1.0000 0 1
SW42_5  1.0000 0.8000 0.2857 0.3833 0.1346 0.1244 0.8167 0.1333 1 0
SW31_3  0.8750 1.0000 1.0000 0.0284 0.4730 0.3280 0.5000 1.0000 0 1
SW27_6  0.8750 1.0000 0.4286 0.0341 0.5271 0.0720 0.5000 1.0000 0 1
SW4_4   0.3750 0.0000 0.0000 0.7163 0.7447 0.0095 1.0000 0.6154 0 1
SW4_8   0.0000 0.3750 1.0000 0.0092 0.4615 0.1831 0.6630 0.4348 0 1
SW6_3   1.0000 1.0000 0.5714 0.3478 0.1860 0.4876 1.0000 0.4000 0 1
SW9_5   1.0000 0.0000 0.0000 0.9850 0.8897 0.4902 0.1591 0.6364 0 1
SW17_0  0.0000 0.0000 0.0000 0.6384 0.6931 0.0769 0.5000 1.0000 0 1
SW20_15 1.0000 0.0000 1.0000 0.8993 0.4150 0.3583 1.0000 0.2500 0 1
SW52_11 1.0000 1.0000 1.0000 0.8769 0.2245 0.0392 0.5833 0.0000 1 0
SW53_0  1.0000 1.0000 1.0000 0.7871 0.1634 0.0257 1.0000 0.2857 1 0
SW53_1  0.0000 0.0000 0.0000 0.0257 0.8869 0.5630 0.0000 0.2667 0 1
SW53_2  0.0000 1.0000 1.0000 0.5630 0.2166 0.0428 1.0000 0.1667 1 0
SW53_3  0.0000 0.0000 0.0000 0.0428 0.9449 0.7025 0.5000 1.0000 0 1
SW53_4  0.6250 1.0000 1.0000 0.7025 0.2237 0.0366 1.0000 0.2857 1 0
SW54_0  0.5000 0.0000 0.0000 0.2500 0.2770 0.0586 0.2500 0.0000 0 1
SW54_1  0.0000 1.0000 0.4286 0.0586 0.0199 0.1093 0.5000 1.0000 0 1
SW54_2  1.0000 0.6000 0.1429 0.1093 0.1468 0.2857 0.5000 1.0000 0 1
SW54_3  1.0000 0.2000 0.0000 0.2857 0.3315 0.7841 0.0000 1.0000 0 1
SW54_4  1.0000 0.0000 0.0000 0.7841 0.7883 0.6558 0.5000 1.0000 0 1
SW54_5  1.0000 1.0000 0.4286 0.6558 0.0528 0.0617 1.0000 0.0000 1 0
SW54_6  0.0000 0.6000 0.1429 0.0617 0.0171 0.2522 0.5000 1.0000 0 1
SW54_7  1.0000 0.2000 0.0000 0.2522 0.5455 0.4008 0.5000 1.0000 0 1
SW54_8  1.0000 1.0000 0.4286 0.4008 0.0551 0.0256 0.2500 0.0000 1 0
SW54_9  0.0000 0.6000 0.1429 0.0256 0.0144 0.3071 1.0000 0.0000 0 1
SW54_10 0.0000 1.0000 0.4286 0.3071 0.0556 0.0275 0.4167 0.0000 1 0
SW55_0  0.6250 0.6000 0.1429 0.6192 0.0217 0.0277 0.5000 1.0000 0 1
SW55_1  0.6250 0.6875 1.0000 0.0277 0.4827 0.9699 0.5000 1.0000 0 1
SW55_2  1.0000 0.2000 0.0000 0.9699 0.8989 0.8427 0.0000 0.6667 0 1
SW55_3  0.7500 1.0000 1.0000 0.8427 0.8732 0.6805 0.5000 1.0000 0 1
SW55_4  1.0000 1.0000 1.0000 0.6805 0.1040 0.0456 1.0000 0.2222 1 0
SW55_5  0.0000 0.8000 0.2857 0.0456 0.0467 0.0233 0.5000 1.0000 0 1
SW55_6  1.0000 0.8000 0.2857 0.0233 0.3030 0.8596 0.5000 1.0000 0 1
SW55_7  1.0000 0.0000 0.0000 0.8596 0.9127 0.9120 0.5000 1.0000 0 1
SW55_8  1.0000 0.0000 0.0000 0.9120 0.9421 0.9186 0.5000 1.0000 0 1
SW55_9  1.0000 1.0000 0.8571 0.9186 0.7508 0.7918 0.5000 1.0000 0 1
SW55_10 1.0000 1.0000 1.0000 0.7918 0.0748 0.0933 0.5833 0.3333 1 0
SW55_11 0.0000 0.6875 1.0000 0.0933 0.4037 0.6520 0.5000 1.0000 0 1
SW55_12 1.0000 0.9375 1.0000 0.6520 0.0459 0.0602 0.5000 0.1667 1 0
SW56_0  1.0000 1.0000 0.7143 0.8587 0.1362 0.1088 1.0000 0.1429 1 0
SW56_1  0.0000 0.2000 0.0000 0.1088 0.1075 0.5721 0.5000 1.0000 0 1
SW56_2  0.8750 0.0000 0.0000 0.5721 0.9829 0.9394 0.5000 1.0000 0 1
SW56_3  1.0000 1.0000 1.0000 0.9394 0.8141 0.7749 0.0000 0.4000 0 1
SW56_4  1.0000 1.0000 0.8571 1.0000 0.9359 0.9123 0.5000 1.0000 0 1
SW56_5  1.0000 1.0000 0.7143 0.9123 0.1237 0.0998 1.0000 0.2500 1 0
SW56_6  0.0000 0.4000 0.0000 0.0998 0.5276 0.2442 0.7045 0.3636 0 1
SW56_7  0.0000 0.4000 0.0000 0.2442 0.7897 0.8281 0.0000 0.5000 0 1
SW56_8  0.0000 1.0000 0.7143 0.8281 0.1421 0.0267 1.0000 0.1667 1 0
SW57_0  1.0000 0.4000 0.0000 0.7844 0.8830 0.9703 0.5000 1.0000 0 1
SW57_1  1.0000 0.0000 0.0000 0.9703 0.9531 0.8402 0.0000 0.6000 0 1
SW57_2  0.0000 0.2000 0.0000 0.8402 0.8000 0.9130 0.5000 1.0000 0 1
SW57_3  1.0000 0.0000 0.0000 0.9130 0.8309 0.1225 1.0000 0.3333 0 1
SW57_4  0.0000 0.4000 0.0000 0.1225 0.6178 0.9424 0.0000 0.2000 0 1
SW57_5  1.0000 0.0000 0.0000 0.9424 0.9536 0.9310 0.0000 0.7143 0 1
SW57_6  1.0000 0.0000 0.0000 1.0000 0.9970 0.9362 0.5000 1.0000 0 1
SW57_7  1.0000 0.0000 0.0000 0.9362 0.9532 0.9057 0.5000 1.0000 0 1
SW57_8  1.0000 1.0000 0.7143 0.9057 0.6307 0.1458 1.0000 0.2857 1 0
SW57_9  0.0000 0.4000 0.0000 0.1458 0.6593 0.5728 0.3929 0.4286 0 1
SW57_10 0.3750 0.0000 0.0000 0.5728 0.9941 0.8329 0.0000 0.3333 0 1
SW57_11 0.5000 1.0000 0.7143 0.8329 0.6010 0.0435 1.0000 0.2500 1 0
SW58_0  1.0000 1.0000 1.0000 0.7445 0.0762 0.0447 0.5833 0.0000 1 0
SW58_1  0.0000 0.4000 0.0000 0.0447 0.0186 0.0254 0.5000 1.0000 0 1
SW58_2  1.0000 0.2000 0.0000 0.0254 0.4391 0.4087 0.5000 1.0000 0 1
SW58_3  1.0000 0.0000 0.0000 0.4087 0.9355 0.7385 0.5000 1.0000 0 1
SW58_4  0.8750 0.0000 0.0000 0.7385 0.8549 0.7026 0.0000 0.4286 0 1
SW58_5  0.0000 0.8000 0.2857 0.7026 0.7021 0.9917 0.5000 1.0000 0 1
SW58_6  1.0000 0.8125 1.0000 0.9917 0.8575 0.7367 0.5000 1.0000 0 1
SW58_7  1.0000 1.0000 1.0000 0.7367 0.0929 0.0399 1.0000 0.3333 1 0
SW58_8  0.0000 0.2000 0.0000 0.0399 0.0493 0.2496 0.5000 1.0000 0 1
SW58_9  1.0000 0.0000 0.0000 0.2496 0.6651 0.4622 0.5000 1.0000 0 1
SW58_10 1.0000 0.0000 0.0000 0.4622 0.0978 0.0232 0.5000 1.0000 0 1
SW58_11 1.0000 0.0000 0.0000 0.0232 0.4928 0.5664 0.4722 0.3333 0 1
SW58_12 0.2500 0.8000 0.2857 0.5664 0.7190 0.9729 0.5000 1.0000 0 1
SW58_13 1.0000 0.8750 1.0000 0.9729 0.8538 0.7753 0.5000 1.0000 0 1
SW58_14 1.0000 1.0000 1.0000 0.7753 0.0679 0.0938 0.2500 0.3333 1 0
SW59_0  1.0000 0.0000 0.0000 0.8720 0.9799 0.9196 0.0000 0.6000 0 1
SW59_1  1.0000 1.0000 0.5714 0.9196 0.8384 0.8706 0.5000 1.0000 0 1
SW59_2  1.0000 1.0000 1.0000 0.8706 0.1290 0.0666 1.0000 0.3333 1 0
SW59_3  0.0000 0.2000 0.0000 0.0666 0.0384 0.1931 0.5000 1.0000 0 1
SW59_4  1.0000 0.2000 0.0000 0.1931 0.6702 0.9171 0.5000 1.0000 0 1
SW59_5  1.0000 0.0000 0.0000 0.9171 0.8568 0.9679 0.5000 1.0000 0 1
SW59_6  1.0000 0.0000 0.0000 0.9679 0.9386 0.8753 0.5000 1.0000 0 1
SW59_7  1.0000 1.0000 1.0000 0.8753 0.1329 0.0747 1.0000 0.2000 1 0
SW59_8  0.0000 0.4000 0.0000 0.0747 0.8167 0.2312 0.5000 1.0000 0 1
SW59_9  0.5000 0.6000 0.1429 0.2312 0.0700 0.2339 0.5000 1.0000 0 1
SW59_10 1.0000 0.2000 0.0000 0.2339 0.7636 0.8923 0.5000 1.0000 0 1
SW59_11 1.0000 0.0000 0.0000 0.8923 0.8854 0.7627 0.0000 0.2500 0 1
SW59_12 0.8750 1.0000 1.0000 0.7627 0.1008 0.0329 1.0000 0.2500 1 0
SW60_0  0.0000 1.0000 1.0000 0.5972 0.1497 0.0872 1.0000 0.3333 1 0
SW60_1  0.0000 0.0000 0.0000 0.0872 0.0866 0.1212 0.5000 1.0000 0 1
SW60_2  1.0000 0.0000 0.0000 0.1212 0.6167 0.8401 0.5000 1.0000 0 1
SW60_3  1.0000 0.0000 0.0000 0.8401 0.9713 0.5721 0.0000 0.3750 0 1
SW60_4  0.0000 1.0000 1.0000 0.5721 0.1130 0.0286 1.0000 0.4000 1 0
SW60_5  0.0000 0.0000 0.0000 0.0286 0.1284 0.4614 0.5000 1.0000 0 1
SW60_6  1.0000 0.0000 0.0000 0.4614 0.9134 0.5367 0.0000 0.4286 0 1
SW60_7  0.0000 1.0000 1.0000 0.5367 0.1221 0.1340 1.0000 0.3333 1 0
SW61_0  1.0000 0.0000 0.0000 0.3836 0.1678 0.5211 0.5000 1.0000 0 1
SW61_1  1.0000 0.0000 0.0000 0.5211 0.2107 0.0773 0.5000 1.0000 0 1
SW61_2  1.0000 0.4000 0.0000 0.0773 0.6734 0.7128 0.0000 0.5000 0 1
SW61_3  0.0000 0.6875 1.0000 0.7128 0.2701 0.0339 1.0000 0.5556 1 0
SW61_4  0.0000 0.0000 0.0000 0.0339 0.1070 0.4289 0.8611 0.2222 0 1
SW61_5  0.0000 0.6250 1.0000 0.4289 0.3132 0.9294 0.5000 1.0000 0 1
SW61_6  1.0000 0.0000 0.0000 0.9294 0.9770 0.0996 1.0000 0.5833 0 1
SW61_7  0.0000 0.0000 0.0000 0.0996 0.7297 0.7546 0.5000 1.0000 0 1
SW61_8  1.0000 0.0000 0.0000 0.7546 0.9125 0.6472 0.0000 0.3333 0 1
SW61_9  0.0000 0.7500 1.0000 0.6472 0.3015 0.1250 0.9062 0.6875 1 0
SW62_0  0.0000 1.0000 0.7143 0.5980 0.3051 0.1329 1.0000 0.0000 1 0
SW62_1  0.0000 0.0000 0.0000 0.1329 0.9261 0.7582 0.5000 1.0000 0 1
SW62_2  0.8750 0.4000 0.0000 0.7582 0.1775 0.4673 0.4000 0.3000 0 1
SW62_3  0.0000 0.2000 0.0000 0.4673 0.9561 0.8818 0.0000 0.6667 0 1
SW62_4  0.7500 0.0000 0.0000 0.8818 0.9776 1.0000 0.5000 1.0000 0 1
SW62_5  0.3750 1.0000 0.7143 0.8188 0.3183 0.0931 1.0000 0.0000 1 0
SW62_6  0.0000 0.2000 0.0000 0.0931 0.0943 0.4943 0.8214 0.2857 0 1
SW62_7  0.0000 0.0000 0.0000 0.4943 0.8849 0.7785 0.0000 0.3333 0 1
SW62_8  0.0000 1.0000 0.7143 0.7785 0.5320 0.5852 0.5000 1.0000 1 0
SW62_9  1.0000 0.0000 0.0000 0.5852 0.8771 0.1679 1.0000 0.6250 0 1
SW63_0  0.5000 1.0000 1.0000 0.6725 0.3705 0.0945 1.0000 0.3333 1 0
SW63_1  0.0000 0.6000 0.1429 0.0945 0.0234 0.0472 0.5000 1.0000 0 1
SW63_2  1.0000 0.0000 0.0000 0.0472 0.1150 0.5817 0.1667 0.1667 0 1
SW63_3  0.0000 1.0000 1.0000 0.5817 0.2956 0.0528 0.4500 0.2000 1 0
SW63_4  0.0000 0.2000 0.0000 0.0528 0.0156 0.0544 0.5000 1.0000 0 1
SW63_5  1.0000 0.0000 0.0000 0.0544 0.6870 0.6525 0.1250 0.3750 0 1
SW63_6  0.0000 1.0000 1.0000 0.6525 0.2795 0.1007 0.0833 0.3333 1 0
SW64_0  0.5000 0.4000 0.0000 0.2500 0.1391 0.1411 1.0000 0.2000 0 1
SW64_1  1.0000 0.0000 0.0000 1.0000 0.7215 0.8778 0.0000 0.3333 0 1
SW64_2  1.0000 0.0000 0.0000 0.8778 0.9020 0.7078 0.0000 0.5000 0 1
SW64_3  0.5000 1.0000 0.7143 0.7078 0.1785 0.1024 1.0000 0.0000 1 0
SW64_4  0.0000 0.8750 1.0000 0.1024 0.2208 0.5520 0.0833 0.3333 0 1
SW64_5  0.0000 1.0000 0.4286 0.5520 0.1095 0.0290 1.0000 0.3333 1 0
SW65_0  0.5000 0.8000 0.2857 0.2500 0.8908 0.9941 0.5000 1.0000 0 1
SW65_1  1.0000 0.8125 1.0000 0.9941 0.4531 0.1266 1.0000 0.3333 1 0
SW65_2  0.0000 1.0000 1.0000 0.1266 0.1273 0.1458 0.5000 1.0000 0 1
SW65_3  1.0000 0.8000 0.2857 0.1458 0.6479 0.6923 0.5000 1.0000 0 1
SW65_4  1.0000 0.0000 0.0000 0.6923 0.7995 0.9375 0.5000 1.0000 0 1
SW65_5  1.0000 0.0000 1.0000 0.9375 0.2880 0.1852 0.5000 0.3333 1 0
SW65_6  0.0000 0.3750 1.0000 0.1852 0.3609 0.5528 0.5000 1.0000 0 1
SW65_7  1.0000 0.9375 1.0000 0.5528 0.7032 0.9284 0.5000 1.0000 0 1
SW65_8  1.0000 0.0000 1.0000 0.9284 0.2462 0.1344 0.0833 0.3333 1 0
SW66_0  1.0000 0.3750 1.0000 0.9301 0.2986 0.0827 1.0000 0.3333 1 0
SW66_1  0.0000 1.0000 0.7143 0.0827 0.0532 0.3177 0.5000 1.0000 0 1
SW66_2  0.1250 0.6000 0.1429 0.3177 0.1519 0.7026 0.0000 0.3000 0 1
SW66_3  0.5000 0.9375 1.0000 0.7026 0.3690 0.9492 0.5000 1.0000 0 1
SW66_4  1.0000 0.2000 0.0000 0.9492 0.3855 0.0789 0.8750 0.3750 1 0
SW66_5  0.0000 1.0000 1.0000 0.0789 0.0637 0.4071 0.3654 0.3077 0 1
SW66_6  0.0000 0.6000 0.1429 0.4071 0.4710 0.9556 0.5000 1.0000 0 1
SW66_7  1.0000 0.0000 0.0000 0.9556 0.8701 0.9671 0.5000 1.0000 0 1
SW66_8  1.0000 0.0000 1.0000 0.9671 0.4335 0.1331 1.0000 0.2857 1 0
SW67_0  0.5000 0.0000 1.0000 0.2500 0.1743 0.1065 0.6944 0.3333 1 0
SW67_1  0.0000 0.0000 1.0000 0.1065 0.6377 0.5860 0.0000 0.4000 0 1
SW67_2  0.8750 0.9375 1.0000 0.5860 0.1505 0.0685 0.5000 0.2500 1 0
SW67_3  0.0000 0.0000 1.0000 0.0685 0.3621 0.6646 0.5000 1.0000 0 1
SW67_4  1.0000 0.9375 1.0000 0.6646 0.1592 0.0667 0.5000 0.2500 1 0
SW68_0  0.0000 1.0000 0.8571 0.7284 0.2362 0.1519 0.5000 1.0000 1 0
SW68_1  0.0000 0.2000 0.0000 0.1519 0.4968 0.4707 0.1667 0.2500 0 1
SW68_2  0.0000 0.0000 0.0000 0.4707 0.1639 0.0769 0.5000 1.0000 0 1
SW68_3  1.0000 0.0000 0.0000 0.0769 0.1926 0.5418 0.5000 1.0000 0 1
SW68_4  1.0000 0.0000 0.0000 0.5418 0.4456 0.4353 0.5000 1.0000 0 1
SW68_5  1.0000 0.0000 0.0000 0.4353 0.2000 0.1384 0.5000 1.0000 0 1
SW68_6  1.0000 0.0000 0.0000 0.1384 0.9178 0.7758 0.0000 0.2500 0 1
SW68_7  1.0000 1.0000 0.5714 1.0000 0.2730 0.0948 0.0000 1.0000 1 0
SW68_8  0.0000 0.2000 0.0000 0.0948 0.3442 0.4770 0.5000 1.0000 0 1
SW68_9  1.0000 0.0000 0.0000 0.4770 0.8552 0.5097 0.6071 0.2857 0 1
SW68_10 0.0000 1.0000 0.7143 0.5097 0.2160 0.0181 0.2500 0.3333 1 0
SW69_0  0.5000 0.0000 0.0000 0.2500 0.9224 0.4906 0.5000 1.0000 0 1
SW69_1  1.0000 1.0000 0.7143 0.4906 0.0319 0.0285 1.0000 0.3333 1 0
SW69_2  0.0000 1.0000 0.7143 0.0285 0.0429 0.0544 0.5000 1.0000 0 1
SW69_3  1.0000 0.2000 0.0000 0.0544 0.0470 0.1357 0.5000 1.0000 0 1
SW69_4  1.0000 1.0000 0.7143 0.1357 0.7514 1.0000 0.5000 1.0000 0 1
SW69_5  1.0000 1.0000 0.5714 0.4916 0.0348 0.0392 1.0000 0.2000 1 0
SW69_6  0.0000 0.6000 0.1429 0.0392 0.0324 0.5262 0.7000 0.5000 0 1
SW69_7  0.1250 0.6000 0.1429 0.5262 0.8929 0.6667 0.0000 0.0000 0 1
SW69_8  1.0000 1.0000 1.0000 0.6667 0.0146 0.0167 1.0000 0.5000 1 0
SW70_0  0.5000 0.0000 0.0000 0.2500 0.8777 0.8914 0.5000 1.0000 0 1
SW70_1  1.0000 0.0000 0.0000 0.8914 0.8871 0.8281 0.0000 0.2500 0 1
SW70_2  0.8750 0.0000 0.0000 0.8281 0.9613 0.9324 0.5000 1.0000 0 1
SW70_3  1.0000 0.0000 0.0000 0.9324 0.9883 0.8404 0.5000 1.0000 0 1
SW70_4  1.0000 1.0000 0.7143 0.8404 0.8838 0.8583 0.0000 0.5556 0 1
SW70_5  0.5000 0.2000 0.0000 0.8583 0.9363 0.9218 0.0000 0.7143 0 1
SW70_6  1.0000 0.0000 0.0000 1.0000 0.9884 1.0000 0.5000 1.0000 0 1
SW70_7  0.2500 1.0000 0.4286 0.7157 0.2996 0.0181 0.5000 0.1667 1 0
SW70_8  0.0000 0.0000 0.0000 0.0181 0.0286 0.0290 0.5000 1.0000 0 1
SW70_9  1.0000 0.2000 0.0000 0.0290 0.2550 0.7385 0.5000 1.0000 0 1
SW70_10 1.0000 0.0000 0.0000 0.7385 0.9884 0.9943 0.5000 1.0000 0 1
SW70_11 1.0000 0.0000 0.0000 0.9943 0.9579 0.1746 0.0500 0.6000 0 1
SW70_12 0.8750 0.0000 0.0000 0.1746 0.8411 0.7429 0.0000 0.3333 0 1
SW70_13 0.0000 0.0000 0.0000 0.7429 0.9971 0.6730 0.0000 0.3333 0 1
SW70_14 0.0000 0.6000 0.1429 0.6730 0.3651 0.0149 1.0000 0.3333 1 0
SW70_15 0.0000 0.0000 0.0000 0.0149 0.1658 0.6023 0.5000 1.0000 0 1
SW70_16 1.0000 0.0000 0.0000 0.6023 0.7908 0.9222 0.5000 1.0000 0 1
SW70_17 1.0000 1.0000 0.5714 0.9222 0.8079 0.9438 0.5000 1.0000 0 1
SW70_18 1.0000 0.0000 0.0000 0.9438 0.9850 0.7570 0.3750 0.2500 0 1
SW70_19 0.0000 0.0000 0.0000 0.7570 0.9972 0.7949 0.0000 1.0000 0 1
SW70_20 0.7500 0.8000 0.2857 0.7949 0.4850 1.0000 0.5000 1.0000 1 0
SW70_21 0.0000 0.0000 0.0000 0.1244 0.5059 0.0462 0.5000 1.0000 0 1
SW71_0  0.5000 1.0000 1.0000 0.2500 0.2630 0.0246 1.0000 0.2000 1 0
SW71_1  0.0000 0.4000 0.0000 0.0246 0.2225 0.3995 0.2500 0.3333 0 1
SW71_2  0.0000 0.0000 0.0000 0.3995 0.6637 0.3068 0.5000 1.0000 0 1
SW71_3  0.8750 0.0000 0.0000 0.3068 0.6445 0.1092 0.5000 1.0000 0 1
SW71_4  1.0000 1.0000 0.8571 0.1092 0.2463 0.0284 1.0000 0.2000 1 0
SW71_5  0.0000 0.2000 0.0000 0.0284 0.3140 0.0716 0.5000 1.0000 0 1
SW71_6  1.0000 0.2000 0.0000 0.0716 0.0552 0.4467 0.5000 1.0000 0 1
SW71_7  1.0000 0.2000 0.0000 0.4467 0.6337 0.5623 0.4167 0.3333 0 1
SW71_8  0.0000 0.0000 0.0000 0.5623 0.9059 0.7632 0.0278 0.2222 0 1
SW71_9  0.2500 0.0000 0.0000 0.7632 0.9968 0.0903 0.0000 0.3333 0 1
SW71_10 1.0000 0.0000 0.0000 0.0903 0.5309 0.1538 0.5000 1.0000 0 1
SW71_11 1.0000 0.0000 0.0000 0.1538 0.1623 0.6829 0.5000 1.0000 0 1
SW71_12 1.0000 0.4000 0.0000 0.6829 0.4005 0.0277 0.3929 0.2857 0 1
SW72_0  0.5000 0.0000 0.0000 0.2500 0.3242 0.3590 0.5000 1.0000 0 1
SW72_1  1.0000 0.0000 0.0000 0.3590 0.9834 0.2408 0.5000 1.0000 0 1
SW72_2  1.0000 0.8000 0.2857 0.2408 0.3161 0.0797 0.0000 1.0000 1 0
SW72_3  0.0000 0.2000 0.0000 0.0797 0.1320 0.2262 0.5000 1.0000 0 1
SW72_4  1.0000 0.0000 0.0000 0.2262 0.8045 0.2458 0.2500 0.3333 0 1
SW72_5  0.0000 0.0000 0.0000 0.2458 0.3193 0.1426 0.4773 0.5455 0 1
SW72_6  0.0000 1.0000 0.4286 0.1426 0.2706 0.3166 0.5500 0.5000 0 1
SW72_7  0.1250 0.0000 0.0000 0.3166 0.3845 0.1121 1.0000 0.5833 1 0
SW72_8  0.0000 0.2000 0.0000 0.1121 0.2653 0.2937 0.5000 1.0000 0 1
SW72_9  1.0000 0.0000 0.0000 0.2937 0.7126 0.1971 0.5000 1.0000 0 1
SW73_0  1.0000 0.2000 0.0000 0.2005 0.0430 0.2242 0.5000 1.0000 0 1
SW73_1  1.0000 0.4000 0.0000 0.2242 0.2352 0.5982 0.5000 1.0000 0 1
SW73_2  0.7500 0.8125 1.0000 0.5982 0.3350 0.0266 0.9500 0.4000 1 0
SW73_3  0.0000 0.4000 0.0000 0.0266 0.0222 0.1897 0.5000 1.0000 0 1
SW73_4  0.6250 0.0000 0.0000 0.1897 0.9075 0.7380 0.5000 1.0000 0 1
SW73_5  1.0000 0.0000 0.0000 0.7380 0.9085 0.5756 0.0000 0.5556 0 1
SW73_6  0.0000 0.9375 1.0000 0.5756 0.3382 0.0188 0.4722 0.2222 1 0
SW73_7  0.0000 0.6000 0.1429 0.0188 0.0336 0.0494 0.5000 1.0000 0 1
SW73_8  1.0000 1.0000 0.4286 0.0494 0.6991 0.5223 0.5000 1.0000 0 1
SW73_9  1.0000 0.2000 0.0000 0.5223 0.8310 0.6424 0.0000 0.3333 0 1
SW73_10 0.0000 0.8125 1.0000 0.6424 0.3317 0.0808 0.4643 0.1429 1 0
SW74_0  0.0000 0.0000 0.0000 0.4753 0.7218 0.8276 0.5000 1.0000 0 1
SW74_1  1.0000 0.0000 0.0000 0.8276 0.8042 0.1048 1.0000 0.2000 0 1
SW74_2  0.0000 0.0000 0.0000 0.1048 0.0985 0.1455 0.9722 0.2222 0 1
SW74_3  0.0000 0.0000 0.0000 0.1455 0.8201 0.9199 0.5000 1.0000 0 1
SW74_4  1.0000 0.0000 0.0000 0.9199 0.7333 0.0967 1.0000 0.1667 0 1
SW74_5  0.0000 0.0000 0.0000 0.0967 0.0959 0.2852 0.4583 0.3333 0 1
SW74_6  0.0000 0.0000 0.0000 0.2852 0.9431 1.0000 0.5000 1.0000 0 1
SW74_7  1.0000 0.0000 0.0000 0.8882 0.6564 0.0380 1.0000 0.4000 0 1
SW75_0  0.5000 0.0000 0.0000 0.2500 0.3785 0.7826 0.0833 0.0000 0 1
SW75_1  0.0000 0.0000 0.0000 0.7826 0.9573 0.8125 0.0000 0.5000 0 1
SW75_2  0.3750 1.0000 1.0000 0.8125 0.3772 0.1270 0.7500 0.2000 1 0
SW75_3  0.0000 1.0000 0.4286 0.1270 0.1667 0.7472 0.0000 0.4444 0 1
SW75_4  0.0000 0.0000 0.0000 0.7472 0.9280 0.8911 0.5000 1.0000 0 1
SW75_5  1.0000 1.0000 0.4286 0.8911 0.8857 0.8750 0.5000 1.0000 0 1
SW75_6  1.0000 1.0000 1.0000 0.8750 0.3083 0.0678 0.3500 0.6000 1 0
SW75_7  0.0000 0.2000 0.0000 0.0678 0.7774 0.7566 0.0000 0.5000 0 1
SW75_8  0.2500 0.0000 0.0000 0.7566 0.8526 0.9775 0.5000 1.0000 0 1
SW75_9  1.0000 0.2000 0.0000 0.9775 0.9113 0.9789 0.5000 1.0000 0 1
SW75_10 1.0000 0.0000 0.0000 1.0000 0.9538 0.7816 0.0000 0.3333 0 1
SW75_11 1.0000 0.0000 1.0000 0.7816 0.2961 0.0412 0.3500 0.4000 1 0
SW76_0  0.5000 0.0000 0.0000 0.2500 0.4000 0.1821 1.0000 0.3333 0 1
SW76_1  0.0000 1.0000 1.0000 0.1821 0.5386 1.0000 0.5000 1.0000 0 1
SW76_2  1.0000 1.0000 0.8571 0.8955 0.1679 0.6951 0.5000 1.0000 0 1
SW76_3  1.0000 0.9375 1.0000 0.6951 0.2220 0.1206 0.4500 0.4000 1 0
SW76_4  0.0000 1.0000 1.0000 0.1206 0.1452 0.7582 0.5000 1.0000 0 1
SW76_5  1.0000 1.0000 1.0000 0.7582 0.3843 0.0533 0.8333 0.3333 1 0
SW76_6  0.0000 0.4000 0.0000 0.0533 0.0175 0.0616 0.5000 1.0000 0 1
SW76_7  1.0000 0.8000 0.2857 0.0616 0.6735 0.4222 0.0000 0.2500 0 1
SW76_8  0.2500 1.0000 0.8571 0.4222 0.3453 0.0903 0.0000 1.0000 1 0
SW77_0  0.5000 0.4000 0.0000 0.1320 0.5656 0.3948 0.5000 1.0000 0 1
SW77_1  1.0000 1.0000 1.0000 0.3948 0.0595 0.1051 1.0000 0.2000 1 0
SW77_2  0.0000 0.5000 1.0000 0.1051 0.0458 0.0137 1.0000 0.2500 1 0
SW77_3  0.0000 0.4375 1.0000 0.0137 0.0000 0.0000 0.5000 1.0000 0 1
SW78_0  0.2500 1.0000 1.0000 0.5783 0.0666 0.2250 1.0000 0.5000 1 0
SW78_1  0.0000 0.6000 0.1429 0.2250 0.0512 0.2610 0.5000 1.0000 0 1
SW78_2  1.0000 1.0000 0.5714 0.2610 0.7685 0.6499 0.5000 1.0000 0 1
SW78_3  0.8750 1.0000 0.5714 0.6499 0.1148 0.2383 1.0000 0.0000 1 0
SW78_4  0.0000 1.0000 0.5714 0.2383 0.0756 0.4429 0.5000 1.0000 0 1
SW78_5  1.0000 1.0000 0.7143 0.4429 0.7660 0.9584 0.5000 1.0000 0 1
SW78_6  1.0000 0.0000 0.0000 0.9584 0.9895 0.5172 0.5000 1.0000 0 1
SW78_7  0.6250 0.8000 0.2857 0.5172 0.1106 0.2074 1.0000 0.3333 1 0
SW78_8  0.0000 1.0000 0.4286 0.2074 0.0834 0.2168 0.5000 1.0000 0 1
SW78_9  1.0000 0.2000 0.0000 0.2168 0.4636 0.9491 0.5000 1.0000 0 1
SW78_10 1.0000 0.0000 0.0000 0.9491 0.9490 0.4747 0.0000 0.6154 0 1
SW78_11 0.0000 0.8000 0.2857 0.4747 0.0977 0.2596 1.0000 0.0000 1 0
SW79_0  0.0000 1.0000 0.8571 0.4107 0.0667 0.0392 0.5833 0.1667 1 0
SW79_1  0.0000 0.0000 0.0000 0.0392 0.4459 0.0476 0.5000 1.0000 0 1
SW79_2  1.0000 0.0000 0.0000 0.0476 0.5430 0.5693 0.0000 0.6667 0 1
SW79_3  0.0000 1.0000 1.0000 0.5693 0.0517 0.0355 1.0000 0.3333 1 0
SW79_4  0.0000 0.0000 0.0000 0.0355 0.7042 0.5875 0.1071 0.4286 0 1
SW79_5  0.0000 1.0000 0.7143 0.5875 0.0730 0.0577 1.0000 0.2857 1 0
SW80_0  0.0000 1.0000 1.0000 0.6489 0.6105 0.2736 0.5833 0.3333 1 0
SW80_1  0.0000 0.6000 0.1429 0.2736 0.8235 0.7472 0.0833 0.3333 0 1
SW80_2  1.0000 0.6000 0.1429 0.7472 0.8705 0.9614 0.5000 1.0000 0 1
SW80_3  1.0000 1.0000 0.4286 1.0000 0.8319 0.7486 0.5000 1.0000 0 1
SW80_4  1.0000 1.0000 1.0000 0.7486 0.4253 0.2696 0.4500 0.4000 1 0
SW80_5  0.0000 0.2000 0.0000 0.2696 0.6587 0.9000 0.5000 1.0000 0 1
SW80_6  1.0000 0.0000 0.0000 0.9000 0.9268 0.1520 0.5000 1.0000 0 1
SW80_7  0.8750 0.2000 0.0000 0.1520 0.2275 0.2848 0.5000 1.0000 0 1
SW80_8  1.0000 1.0000 0.7143 0.2848 0.7450 0.9308 0.5000 1.0000 0 1
SW80_9  1.0000 0.0000 0.0000 1.0000 0.8788 0.8865 0.5000 1.0000 0 1
SW80_10 1.0000 0.0000 0.0000 0.9712 0.9589 0.7723 0.5000 1.0000 0 1
SW80_11 1.0000 0.9375 1.0000 0.7723 0.4426 0.2015 0.0833 0.5000 1 0
SW81_0  0.5000 1.0000 0.7143 0.2500 0.8825 0.9683 0.0000 0.3333 0 1
SW81_1  1.0000 0.0000 0.0000 1.0000 0.9926 0.8180 0.5000 1.0000 0 1
SW81_2  0.7500 1.0000 1.0000 0.8180 0.0963 0.0541 0.6667 0.1667 1 0
SW81_3  0.0000 0.0000 1.0000 0.0541 0.1613 0.8490 0.5000 1.0000 0 1
SW81_4  1.0000 1.0000 1.0000 0.8490 0.1194 0.0733 1.0000 0.2857 1 0
SW81_5  0.0000 0.6000 0.1429 0.0733 0.1766 0.6800 0.5000 1.0000 0 1
SW81_6  1.0000 0.0000 1.0000 0.6800 0.7873 0.9828 0.5000 1.0000 0 1
SW81_7  1.0000 0.8000 0.2857 0.9828 0.9286 0.8009 0.5000 1.0000 0 1
SW81_8  1.0000 1.0000 1.0000 0.8009 0.1370 0.0773 1.0000 0.1667 1 0
SW82_0  0.5000 0.6875 1.0000 0.2500 0.5868 0.1829 0.7500 0.3750 1 0
SW82_1  0.0000 0.0000 0.0000 0.1829 0.9495 0.7391 0.0000 0.5455 0 1
SW82_2  0.0000 0.7500 1.0000 0.7391 0.5658 0.2027 1.0000 0.3333 1 0
SW82_3  0.0000 0.6875 1.0000 0.2027 0.5088 0.0463 1.0000 0.4286 1 0
SW83_0  0.5000 0.0000 0.0000 0.2500 0.9370 0.7710 0.0000 0.3333 0 1
SW83_1  0.5000 0.0000 0.0000 0.7710 0.8957 0.7412 0.5000 1.0000 0 1
SW83_2  1.0000 1.0000 1.0000 0.7412 0.4229 0.1171 1.0000 0.2000 1 0
SW83_3  0.0000 0.8000 0.2857 0.1171 0.0274 0.0510 0.2500 0.5000 0 1
SW83_4  0.6250 0.2000 0.0000 0.0510 0.5765 0.0750 1.0000 0.3333 0 1
SW83_5  0.7500 0.0000 0.0000 0.0750 0.9187 0.5812 0.1071 0.2857 0 1
SW83_6  0.1250 0.2000 0.0000 0.5812 0.0505 0.0769 1.0000 0.2222 0 1
SW83_7  0.0000 0.0000 0.0000 0.0769 0.9876 0.9183 0.0000 0.5000 0 1
SW83_8  0.6250 0.0000 0.0000 0.9183 0.9583 0.7407 0.5000 1.0000 0 1
SW83_9  1.0000 1.0000 1.0000 0.7407 0.3408 0.1238 1.0000 0.2500 1 0
SW83_10 0.0000 1.0000 0.4286 0.1238 0.0396 0.0774 1.0000 0.3750 0 1
SW83_11 0.7500 0.0000 0.0000 0.0774 0.6362 0.7261 0.0000 0.2500 0 1
SW83_12 0.0000 1.0000 0.8571 0.7261 0.3243 0.3839 1.0000 0.4000 1 0
SW83_13 0.8750 0.0000 0.0000 0.3839 0.9831 0.0397 0.0000 1.0000 0 1
SW84_0  1.0000 0.0000 0.0000 0.9359 0.9840 0.6527 0.0000 0.0000 0 1
SW84_1  0.0000 0.0000 0.0000 0.6527 0.8730 0.6214 0.1667 0.5000 0 1
SW84_2  0.0000 0.8125 1.0000 0.6214 0.2397 0.1543 1.0000 0.3333 1 0
SW84_3  0.0000 0.0000 0.0000 0.1543 0.7995 0.6381 0.4167 0.6667 0 1
SW84_4  0.0000 0.8750 1.0000 0.6381 0.2525 0.1056 1.0000 0.2500 1 0
SW84_5  0.0000 0.0000 0.0000 0.1056 0.1943 0.5351 0.6071 0.2857 0 1
SW84_6  0.0000 1.0000 1.0000 0.5351 0.2621 0.1302 1.0000 0.7500 1 0
SW85_0  0.5000 0.0000 0.0000 0.2500 0.2581 0.1176 0.9167 0.3333 0 1
SW85_1  0.0000 1.0000 0.4286 0.1176 0.0309 0.0490 0.5000 1.0000 0 1
SW85_2  1.0000 0.0000 0.0000 0.0490 0.2895 0.5636 0.3125 0.1250 0 1
SW85_3  0.0000 1.0000 0.8571 0.5636 0.3591 0.0570 0.7857 0.1429 1 0
SW85_4  0.0000 0.4000 0.0000 0.0570 0.0732 0.0644 0.5000 1.0000 0 1
SW85_5  1.0000 0.0000 0.0000 0.0644 0.5238 0.7252 0.0000 0.3750 0 1
SW85_6  0.0000 1.0000 0.7143 0.7252 0.3564 0.0688 1.0000 0.5000 1 0
SW85_7  0.0000 0.4000 0.0000 0.0688 0.0448 0.0329 0.5000 1.0000 0 1
SW85_8  1.0000 0.0000 0.0000 0.0329 0.1189 0.3917 0.5000 1.0000 0 1
SW85_9  1.0000 0.0000 0.0000 0.3917 0.7682 0.7069 0.0000 0.0000 0 1
SW85_10 0.6250 1.0000 0.5714 0.7069 0.2446 0.1055 1.0000 0.3333 1 0
SW86_0  1.0000 0.8750 1.0000 0.8300 0.2594 0.0783 0.4167 0.3333 1 0
SW86_1  0.0000 0.8000 0.2857 0.0783 0.4105 0.6303 0.3214 0.4286 0 1
SW86_2  0.3750 0.0000 0.0000 0.6303 0.8932 0.8204 0.0000 0.3333 0 1
SW86_3  0.0000 0.5000 1.0000 0.8204 0.3315 0.0865 1.0000 0.1667 1 0
SW86_4  0.0000 0.6000 0.1429 0.0865 0.3762 0.4834 0.1429 0.5000 0 1
SW86_5  0.0000 0.5625 1.0000 0.4834 0.2176 0.1422 1.0000 0.4000 1 0
SW87_0  1.0000 0.0000 0.0000 0.2432 0.7302 0.6366 0.0000 0.5000 0 1
SW87_1  0.0000 1.0000 0.7143 0.6366 0.4424 0.0961 1.0000 0.2500 1 0
SW87_2  0.0000 0.6000 0.1429 0.0961 0.7206 0.0511 0.5000 1.0000 0 1
SW87_3  1.0000 0.2000 0.0000 0.0511 0.0993 0.2953 0.6250 0.2500 0 1
SW87_4  0.0000 0.2000 0.0000 0.2953 0.1280 0.2145 0.7500 0.3000 0 1
SW87_5  0.0000 1.0000 0.7143 0.2145 0.4051 0.0235 0.5000 0.0000 1 0
SW87_6  0.0000 0.2000 0.0000 0.0235 0.1120 0.1419 0.2000 0.2000 0 1
SW87_7  0.0000 0.2000 0.0000 0.1419 0.0909 0.0512 0.5000 1.0000 0 1
SW87_8  1.0000 0.0000 0.0000 0.0512 0.1672 0.2067 1.0000 0.2500 0 1
SW87_9  0.0000 1.0000 0.8571 0.2067 0.3942 0.3455 0.0000 1.0000 1 0
SW88_0  0.5000 0.0000 0.0000 0.2500 0.8920 0.1028 0.5000 1.0000 0 1
SW88_1  1.0000 0.0000 0.0000 0.1028 0.2381 0.6831 0.5000 1.0000 0 1
SW88_2  1.0000 0.0000 0.0000 0.6831 0.6988 0.9483 0.5000 1.0000 0 1
SW88_3  1.0000 0.6000 0.1429 0.9483 0.8358 0.6000 0.5000 1.0000 0 1
SW88_4  1.0000 1.0000 0.8571 0.6000 0.0590 0.0643 1.0000 0.1667 1 0
SW88_5  0.0000 0.4000 0.0000 0.0643 0.0140 0.1105 0.5000 1.0000 0 1
SW88_6  1.0000 0.0000 0.0000 0.1105 0.2395 0.6414 0.5000 1.0000 0 1
SW88_7  1.0000 0.0000 0.0000 0.6414 0.7700 0.7791 0.5000 1.0000 0 1
SW88_8  1.0000 0.2000 0.0000 0.7791 0.7429 1.0000 0.5000 1.0000 0 1
SW88_9  1.0000 1.0000 0.7143 0.6576 0.0800 0.0476 1.0000 0.1667 1 0
SW88_10 0.0000 0.4000 0.0000 0.0476 0.0301 0.0444 0.5000 1.0000 0 1
SW88_11 1.0000 0.0000 0.0000 0.0444 0.0590 0.4230 0.5000 1.0000 0 1
SW88_12 1.0000 0.0000 0.0000 0.4230 0.6875 0.8361 0.5000 1.0000 0 1
SW88_13 1.0000 1.0000 0.8571 0.8361 0.5918 0.6513 0.5000 1.0000 0 1
SW88_14 1.0000 1.0000 0.8571 0.6513 0.0926 0.0417 1.0000 0.0000 1 0
SW89_0  0.5000 0.0000 0.0000 0.2500 0.9195 0.9825 0.5000 1.0000 0 1
SW89_1  1.0000 0.8000 0.2857 0.9825 0.8723 0.7876 0.5000 1.0000 0 1
SW89_2  1.0000 1.0000 1.0000 0.7876 0.1188 0.0944 1.0000 0.2000 1 0
SW89_3  0.0000 0.6000 0.1429 0.0944 0.0370 0.1190 0.5000 1.0000 0 1
SW89_4  0.8750 1.0000 1.0000 0.1190 0.7511 0.8032 0.5000 1.0000 0 1
SW89_5  1.0000 0.3750 1.0000 0.8032 0.8615 0.8096 0.5000 1.0000 0 1
SW89_6  1.0000 1.0000 1.0000 0.8096 0.0737 0.0737 0.0000 1.0000 1 0
SW89_7  0.0000 1.0000 0.4286 0.0737 0.1072 0.5503 0.5000 1.0000 0 1
SW89_8  1.0000 1.0000 0.5714 0.5503 0.6611 0.8141 0.0000 0.2857 0 1
SW89_9  0.6250 1.0000 1.0000 0.8141 0.0997 0.0847 1.0000 0.2500 1 0
SW90_0  1.0000 0.0000 0.0000 0.2450 0.8266 0.2072 0.0000 0.7143 0 1
SW90_1  0.2500 0.2000 0.0000 0.2072 0.0912 0.6281 0.5000 1.0000 0 1
SW90_2  1.0000 0.4000 0.0000 0.6281 0.8242 0.8827 0.0000 1.0000 0 1
SW90_3  0.6250 1.0000 0.8571 0.8827 0.6615 0.0580 1.0000 0.3333 1 0
SW90_4  0.0000 0.0000 0.0000 0.0580 0.8538 0.8000 0.5000 1.0000 0 1
SW90_5  1.0000 0.0000 0.0000 0.8000 0.9486 0.7255 0.2500 0.5000 0 1
SW90_6  0.0000 0.0000 0.0000 0.7255 0.9568 0.9099 0.5000 1.0000 0 1
SW90_7  1.0000 1.0000 1.0000 0.9099 0.2281 0.0503 1.0000 0.4000 1 0
SW90_8  0.0000 0.0000 0.0000 0.0503 0.9375 0.7371 0.1071 0.5714 0 1
SW90_9  1.0000 1.0000 0.7143 1.0000 0.3398 0.1025 1.0000 0.3750 1 0
SW91_0  1.0000 0.0000 0.0000 0.2282 0.6005 0.7797 0.5000 1.0000 0 1
SW91_1  1.0000 0.0000 0.0000 0.7797 0.9301 0.9141 0.5000 1.0000 0 1
SW91_2  1.0000 0.0000 0.0000 0.9141 0.9464 1.0000 0.5000 1.0000 0 1
SW91_3  0.2500 0.8125 1.0000 0.7914 0.2903 0.0294 0.5500 0.4000 1 0
SW91_4  0.0000 0.0000 0.0000 0.0294 0.8615 0.9938 0.5000 1.0000 0 1
SW91_5  1.0000 1.0000 1.0000 0.9938 0.7771 1.0000 0.5000 1.0000 0 1
SW91_6  0.8750 0.0000 0.0000 0.7918 0.4173 0.0815 0.5000 1.0000 0 1
SW91_7  1.0000 0.4000 0.0000 0.0815 0.1141 0.1617 0.5000 1.0000 0 1
SW91_8  0.8750 1.0000 0.5714 0.1617 0.6712 0.8216 0.0000 0.3333 0 1
SW91_9  0.0000 0.8125 1.0000 0.8216 0.3458 0.0228 1.0000 0.6000 1 0
SW91_10 0.0000 0.8000 0.2857 0.0228 0.1259 0.4401 0.5000 1.0000 0 1
SW91_11 0.8750 0.8000 0.2857 0.4401 0.9438 0.7333 0.0000 0.7000 0 1
SW91_12 0.0000 0.7500 1.0000 0.7333 0.2535 0.0228 1.0000 0.6000 1 0
SW91_13 0.0000 0.6000 0.1429 0.0228 0.0452 0.3463 0.5000 1.0000 0 1
SW91_14 0.5000 0.2000 0.0000 0.3463 0.9448 0.7423 0.0000 1.0000 0 1
SW91_15 0.6250 0.0000 0.0000 0.7423 0.9811 1.0000 0.5000 1.0000 0 1
SW91_16 0.1250 0.7500 1.0000 0.7507 0.2558 0.1875 1.0000 0.5714 1 0
SW92_0  0.6250 0.0000 0.0000 0.7746 0.8998 0.9930 0.5000 1.0000 0 1
SW92_1  1.0000 0.0000 0.0000 0.9930 0.9860 0.6326 0.0000 0.2857 0 1
SW92_2  0.5000 0.6000 0.1429 0.6326 0.1636 0.1650 1.0000 0.2000 1 0
SW92_3  0.0000 0.0000 0.0000 0.1650 0.5426 0.1192 0.5000 1.0000 0 1
SW92_4  0.7500 1.0000 0.4286 0.1192 0.8025 0.4036 0.5000 1.0000 0 1
SW92_5  1.0000 0.1875 1.0000 0.4036 0.7475 0.9284 0.5000 1.0000 0 1
SW92_6  1.0000 1.0000 0.4286 0.9284 0.1252 0.0304 1.0000 0.2500 1 0
SW92_7  0.0000 0.6000 0.1429 0.0304 0.4863 0.5466 0.5000 1.0000 0 1
SW92_8  1.0000 0.6000 0.1429 0.5466 0.6195 0.7029 0.5000 1.0000 0 1
SW92_9  1.0000 0.8750 1.0000 0.7029 0.7607 0.9539 0.5000 1.0000 0 1
SW92_10 1.0000 0.0000 0.0000 0.9539 0.8702 0.6561 0.1250 0.5000 0 1
SW92_11 1.0000 0.0000 0.0000 0.6561 0.9354 0.7186 0.5000 1.0000 0 1
SW92_12 1.0000 0.8000 0.2857 0.7186 0.1004 0.0427 1.0000 0.2500 1 0
SW93_0  0.0000 0.0000 1.0000 0.2848 0.1358 0.0616 1.0000 0.5000 1 0
SW93_1  0.0000 0.0000 0.0000 0.0616 0.8927 0.3887 0.2500 0.6000 0 1
SW93_2  0.8750 0.0000 0.0000 0.3887 0.2305 0.1797 0.5000 1.0000 0 1
SW93_3  1.0000 0.0000 0.0000 0.1797 0.5711 0.7506 0.2500 0.4000 0 1
SW93_4  0.0000 0.1875 1.0000 0.7506 0.2509 0.1129 0.0000 0.3333 1 0
SW93_5  0.0000 0.0000 0.0000 0.1129 0.7911 0.6119 0.0833 0.5000 0 1
SW93_6  0.0000 0.1875 1.0000 0.6119 0.2374 0.1707 0.0000 0.5000 1 0
SW94_0  1.0000 0.2000 0.0000 0.2133 0.0926 0.9427 0.5000 1.0000 0 1
SW94_1  1.0000 0.0000 1.0000 0.9427 0.1108 0.0336 1.0000 0.8182 1 0
SW94_2  0.0000 1.0000 0.7143 0.0336 0.0186 0.0146 0.5000 1.0000 0 1
SW94_3  0.8750 0.0000 1.0000 0.0146 0.1179 0.0562 1.0000 0.6667 1 0
SW94_4  0.0000 1.0000 0.7143 0.0562 0.0162 0.0259 0.5000 1.0000 0 1
SW94_5  1.0000 0.6000 0.1429 0.0259 0.4402 0.9485 0.5000 1.0000 0 1
SW94_6  1.0000 0.5000 1.0000 0.9485 0.1775 0.0278 1.0000 0.7500 1 0
SW95_0  0.5000 0.0000 1.0000 0.2500 0.3588 0.5482 0.0000 0.3333 0 1
SW95_1  0.0000 0.0000 0.0000 0.5482 0.9796 0.2625 0.5000 1.0000 0 1
SW95_2  0.5000 0.6875 1.0000 0.2625 0.3414 0.7739 0.5000 1.0000 0 1
SW95_3  1.0000 0.0000 0.0000 0.7739 0.0946 0.1585 1.0000 0.1667 0 1
SW95_4  1.0000 0.0000 0.0000 0.1585 0.2374 0.8479 0.5000 1.0000 0 1
SW95_5  1.0000 0.4000 0.0000 0.8479 0.1570 0.4307 0.5000 1.0000 0 1
SW95_6  1.0000 0.0000 1.0000 0.4307 0.3961 0.1100 0.0000 1.0000 0 1
SW95_7  0.0000 1.0000 0.8571 0.1100 0.1985 0.7273 0.5000 1.0000 0 1
SW95_8  1.0000 0.0000 1.0000 0.7273 0.3035 0.2505 0.0000 1.0000 0 1
SW96_0  0.5000 0.0000 0.0000 0.2500 0.1536 0.4977 0.5000 1.0000 0 1
SW96_1  1.0000 0.0000 1.0000 0.4977 0.2194 0.0367 1.0000 0.3333 1 0
SW96_2  0.0000 0.4000 0.0000 0.0367 0.0292 0.0984 0.5000 1.0000 0 1
SW96_3  1.0000 0.0000 1.0000 0.0984 0.1696 0.2800 1.0000 0.0000 1 0
SW96_4  0.2500 0.8000 0.2857 0.2800 0.0232 0.1218 0.5000 1.0000 0 1
SW97_0  0.5000 0.7500 1.0000 0.2500 0.5371 0.9746 0.0000 1.0000 0 1
SW97_1  1.0000 0.2000 0.0000 0.9746 0.8889 0.9231 0.5000 1.0000 0 1
SW97_2  1.0000 0.0000 0.0000 0.9231 0.9819 1.0000 0.5000 1.0000 0 1
SW97_3  1.0000 0.0000 0.0000 1.0000 0.9603 1.0000 0.5000 1.0000 0 1
SW97_4  1.0000 0.0000 0.0000 1.0000 0.9603 0.7902 0.5000 1.0000 0 1
SW97_5  1.0000 0.9375 1.0000 0.7902 0.2706 0.0616 0.9643 0.2857 1 0
SW97_6  0.0000 0.8000 0.2857 0.0616 0.1008 0.4173 0.5000 1.0000 0 1
SW97_7  1.0000 0.6000 0.1429 0.4173 0.4676 0.7921 0.5000 1.0000 0 1
SW97_8  1.0000 0.0000 0.0000 0.7921 0.6708 1.0000 0.5000 1.0000 0 1
SW97_9  1.0000 0.0000 0.0000 0.9172 0.7445 0.8667 0.5000 1.0000 0 1
SW97_10 1.0000 0.1875 1.0000 0.8667 0.7066 0.7712 0.0000 0.2500 0 1
SW97_11 0.7500 0.9375 1.0000 0.7712 0.2308 0.0318 0.9500 0.2000 1 0
SW97_12 0.0000 1.0000 0.5714 0.0318 0.0320 0.3243 0.5000 1.0000 0 1
SW97_13 1.0000 0.8000 0.2857 0.3243 0.2816 0.4960 0.5000 1.0000 0 1
SW97_14 1.0000 0.0000 1.0000 0.4960 0.5376 0.9094 0.5000 1.0000 0 1
SW97_15 1.0000 0.7500 1.0000 0.9094 0.2710 0.1113 0.7500 0.0000 1 0
SW98_0  0.3750 1.0000 0.8571 0.5090 0.2240 0.0517 1.0000 0.4000 1 0
SW98_1  0.0000 0.0000 0.0000 0.0517 0.2194 0.0320 0.5000 1.0000 0 1
SW98_2  1.0000 0.0000 0.0000 0.0320 0.6695 0.4497 0.2500 0.5000 0 1
SW98_3  0.0000 0.0000 0.0000 0.4497 0.8019 0.3184 0.6071 0.2857 0 1
SW98_4  0.1250 1.0000 0.7143 0.3184 0.1620 0.0386 1.0000 0.5000 1 0
SW98_5  0.0000 0.0000 0.0000 0.0386 0.2762 0.1005 0.5000 1.0000 0 1
SW98_6  1.0000 0.0000 0.0000 0.1005 0.5122 0.3002 0.4500 0.4000 0 1
SW98_7  1.0000 1.0000 0.5714 1.0000 0.2270 0.0155 1.0000 0.4000 1 0
SW99_0  0.7500 0.6000 0.1429 0.0124 0.0841 0.0152 0.3000 0.7000 0 1
SW99_1  0.0000 1.0000 0.7143 0.0152 0.0000 0.0071 1.0000 0.2857 1 0
SW99_2  0.0000 0.6000 0.1429 0.0071 0.2063 0.0054 0.5000 1.0000 0 1
SW99_3  0.5000 1.0000 0.8571 0.0054 0.0000 0.0000 1.0000 0.3333 1 0
SW99_4  0.0000 1.0000 0.4286 0.0000 0.4074 0.5953 0.5000 1.0000 0 1
SW100_0  1.0000 0.0000 0.0000 0.0448 0.0425 0.0866 0.5000 1.0000 0 1
SW100_1  1.0000 0.0000 0.0000 0.0866 0.9897 0.3886 0.5000 1.0000 0 1
SW100_2  1.0000 1.0000 0.5714 0.3886 0.0851 0.0725 1.0000 0.2857 1 0
SW100_3  0.0000 0.2000 0.0000 0.0725 0.2389 0.1820 0.5000 1.0000 0 1
SW100_4  1.0000 1.0000 0.5714 0.1820 0.0780 0.0616 1.0000 0.1667 1 0
SW100_5  0.0000 0.2000 0.0000 0.0616 0.1898 0.1636 0.5000 1.0000 0 1
SW100_6  1.0000 1.0000 0.5714 0.1636 0.0733 0.0895 0.9643 0.1429 1 0
SW100_7  0.0000 0.2000 0.0000 0.0895 0.2030 0.1837 0.5000 1.0000 0 1
SW100_8  1.0000 1.0000 0.5714 0.1837 0.0884 0.0721 1.0000 0.2857 1 0
SW100_9  0.0000 0.2000 0.0000 0.0721 0.1102 0.1773 0.5000 1.0000 0 1
SW100_10 1.0000 1.0000 0.7143 0.1773 0.0712 0.0282 1.0000 0.1667 1 0
SW101_0  0.5000 0.0000 1.0000 0.2500 0.2659 0.1944 1.0000 0.4000 1 0
SW102_0  0.5000 0.4000 0.0000 0.2500 0.8270 0.6344 0.0833 0.3333 0 1
SW102_1  0.0000 0.0000 0.0000 0.6344 0.9714 0.8275 0.5000 1.0000 0 1
SW102_2  1.0000 0.0000 1.0000 1.0000 0.3350 0.0676 1.0000 0.2500 1 0
SW102_3  0.0000 0.8000 0.2857 0.0676 0.5787 0.9158 0.5000 1.0000 0 1
SW102_4  1.0000 1.0000 0.7143 0.9158 0.2583 0.0000 0.6250 0.2500 1 0
SW103_0  0.5000 0.6000 0.1429 0.2500 0.9647 0.6580 0.0000 0.6250 0 1
SW103_1  0.0000 1.0000 0.8571 0.6580 0.2954 0.0019 1.0000 0.4286 1 0
SW104_0  0.0000 1.0000 1.0000 0.1198 0.0657 0.0249 1.0000 0.2000 1 0
SW104_1  0.0000 1.0000 1.0000 0.0249 0.2089 0.1455 0.5000 1.0000 0 1
SW104_2  1.0000 0.0000 0.0000 0.1455 0.9112 0.1598 0.5000 1.0000 0 1
SW104_3  1.0000 1.0000 1.0000 0.1598 0.0425 0.0025 1.0000 0.3333 1 0
SW105_0  1.0000 0.4000 0.0000 0.0258 0.3842 0.3643 0.3214 0.4286 0 1
SW105_1  0.0000 1.0000 0.8571 0.3643 0.0963 0.2236 0.9500 0.2000 1 0
SW105_2  0.0000 0.6000 0.1429 0.2236 0.5819 0.2266 0.5000 1.0000 0 1
SW105_3  1.0000 1.0000 1.0000 0.2266 0.0576 0.2223 1.0000 0.4000 1 0
SW105_4  0.1250 0.0000 0.0000 0.2223 0.7318 0.3828 0.5000 1.0000 0 1
SW106_0  0.0000 1.0000 1.0000 0.4209 0.0627 0.1049 1.0000 0.2000 1 0
SW106_1  0.0000 0.2000 0.0000 0.1049 0.7438 0.2014 0.5000 1.0000 0 1
SW106_2  1.0000 1.0000 0.8571 0.2014 0.0197 0.0426 1.0000 0.4000 1 0
SW107_0  0.5000 1.0000 0.4286 0.2500 0.0348 0.8444 0.5000 1.0000 0 1
SW107_1  0.8750 1.0000 1.0000 0.8444 0.8418 0.9091 0.0000 1.0000 0 1
SW107_2  1.0000 0.2000 0.0000 0.9091 0.9353 1.0000 0.5000 1.0000 0 1
SW107_3  0.0000 0.9375 1.0000 0.7646 0.1388 0.0277 1.0000 0.0000 1 0
SW107_4  0.0000 0.0000 0.0000 0.0277 0.1112 0.0920 0.5000 1.0000 0 1
SW107_5  1.0000 0.0000 0.0000 0.0920 0.5232 0.6774 0.0833 0.3333 0 1
SW107_6  0.0000 1.0000 1.0000 0.6774 0.2204 0.1754 1.0000 0.4000 1 0
SW108_0  0.5000 0.0000 0.0000 0.2500 0.9766 0.8688 0.5000 1.0000 0 1
SW108_1  1.0000 0.0000 0.0000 0.8688 0.9983 0.8676 0.5000 1.0000 0 1
SW108_2  1.0000 0.4000 0.0000 0.8676 0.4942 0.2358 0.5000 1.0000 0 1
SW108_3  1.0000 1.0000 0.5714 0.2358 0.2329 0.6499 0.5000 1.0000 0 1
SW108_4  1.0000 0.5000 1.0000 0.6499 0.1341 0.0773 1.0000 0.2500 1 0
SW108_5  0.0000 1.0000 0.4286 0.0773 0.0452 0.4724 0.5000 1.0000 0 1
SW108_6  1.0000 0.2000 0.0000 0.4724 0.7396 0.4806 0.5000 1.0000 0 1
SW108_7  1.0000 0.6875 1.0000 0.4806 0.0937 0.0818 1.0000 0.3333 1 0
SW108_8  0.0000 1.0000 0.5714 0.0818 0.1519 0.5861 0.5000 1.0000 0 1
SW108_9  1.0000 0.8750 1.0000 0.5861 0.1115 0.1050 1.0000 0.1667 1 0
SW109_0  0.5000 0.0000 0.0000 0.2500 0.8239 0.3586 0.5000 1.0000 0 1
SW109_1  0.7500 0.6000 0.1429 0.3586 0.4367 1.0000 0.5000 1.0000 0 1
SW109_2  1.0000 1.0000 0.4286 1.0000 0.1675 0.1830 1.0000 0.2000 1 0
SW109_3  1.0000 0.4000 0.0000 1.0000 0.0939 0.3242 0.5000 1.0000 0 1
SW109_4  1.0000 1.0000 0.8571 0.3242 0.0940 0.0497 1.0000 0.2857 1 0
SW109_5  0.0000 0.4000 0.0000 0.0497 0.4433 0.5444 0.5000 1.0000 0 1
SW109_6  1.0000 1.0000 1.0000 0.5444 0.1224 0.4152 0.5000 1.0000 1 0
SW109_7  1.0000 0.0000 0.0000 0.4152 0.6478 0.0000 0.0000 0.5000 0 1
SW110_0  0.5000 0.0000 0.0000 0.2500 0.4399 0.5277 0.2000 0.3000 0 1
SW110_1  0.0000 1.0000 0.8571 0.5277 0.1049 0.9615 0.5000 1.0000 0 1
SW110_2  1.0000 0.8750 1.0000 0.9615 0.8022 0.9163 0.5000 1.0000 0 1
SW110_3  1.0000 0.0000 1.0000 0.9163 0.7997 0.9891 0.5000 1.0000 0 1
SW110_4  1.0000 1.0000 1.0000 0.9891 0.4377 0.9231 0.5000 1.0000 0 1
SW110_5  1.0000 1.0000 0.8571 0.9231 0.3838 0.3746 0.0417 0.1667 0 1
SW110_6  0.0000 0.2000 0.0000 0.3746 0.0517 0.0543 0.5000 1.0000 0 1
SW110_7  1.0000 1.0000 0.7143 0.0543 0.5321 0.9212 0.5000 1.0000 0 1
SW110_8  1.0000 1.0000 0.7143 0.9212 0.1957 0.2966 1.0000 0.4000 1 0
SW110_9  0.3750 0.6000 0.1429 0.2966 0.5674 0.0016 0.5000 1.0000 0 1
SW111_0  0.0000 0.6000 0.1429 0.0181 0.1643 0.5907 0.0000 0.7143 0 1
SW111_1  0.5000 0.2000 0.0000 0.5907 0.2138 0.2500 0.2500 0.1765 0 1
SW111_2  0.0000 0.0000 0.0000 0.2500 0.3858 0.9971 0.5000 1.0000 0 1
SW111_3  1.0000 0.4000 0.0000 0.9971 0.4426 0.0015 1.0000 0.2857 1 0
SW112_0  0.5000 0.8000 0.2857 0.2500 0.5333 0.1427 0.1731 0.3077 0 1
SW112_1  0.0000 1.0000 0.5714 0.1427 0.3221 0.010 1.0000 0.2857 1 0
SW112_2  0.0000 0.0000 0.0000 0.010 0.8326 0.0568 0.3000 0.4000 0 1
SW112_3  0.0000 1.0000 0.4286 0.0568 0.1815 0.1124 1.0000 0.3750 1 0
SW112_4  0.0000 0.0000 0.0000 0.1124 0.8910 0.0102 0.7833 0.5333 0 1
SW112_5  0.0000 0.0000 0.0000 0.0102 0.1942 0.1556 0.5000 1.0000 0 1
SW112_6  0.5000 1.0000 0.4286 0.1556 0.3045 0.0015 1.0000 0.3333 1 0
SW113_0  0.5000 0.2000 0.0000 0.2500 0.6969 0.5169 0.4375 0.5000 0 1
SW113_1  0.5000 0.4000 0.0000 0.5169 0.7261 0.9672 0.5000 1.0000 0 1
SW113_2  1.0000 1.0000 0.5714 0.9672 0.6963 0.9473 0.5000 1.0000 0 1
SW113_3  1.0000 0.0000 0.0000 0.9473 0.9613 0.9990 0.5000 1.0000 0 1
SW113_4  1.0000 0.0000 0.0000 0.9990 0.9794 0.9783 0.5000 1.0000 0 1
SW113_5  1.0000 0.0000 0.0000 0.9783 0.7747 0.9772 0.5000 1.0000 0 1
SW113_6  1.0000 1.0000 0.5714 0.9772 0.5154 0.0611 1.0000 0.2857 1 0
SW114_0  0.0000 0.0000 0.0000 0.7617 0.8730 0.9747 0.5000 1.0000 0 1
SW114_1  1.0000 1.0000 0.4286 0.9747 0.4670 0.2910 0.2500 0.2000 1 0
SW114_2  0.0000 1.0000 0.8571 0.2910 0.5588 0.1875 0.0833 0.3333 1 0
SW114_3  0.0000 1.0000 0.7143 0.1875 0.2563 0.5320 0.5000 1.0000 0 1
SW114_4  1.0000 0.2000 0.0000 0.5320 0.6732 0.9924 0.5000 1.0000 0 1
SW114_5  1.0000 0.0000 0.0000 0.9924 0.8810 0.9241 0.5000 1.0000 0 1
SW114_6  1.0000 1.0000 1.0000 0.9241 0.3501 0.6226 0.9500 0.2000 0 1
SW114_7  0.7500 0.2000 0.0000 0.6226 0.4036 0.2582 0.5000 1.0000 0 1
SW115_0  0.0000 1.0000 1.0000 0.5182 0.5062 0.1164 0.7833 0.7333 1 0
SW115_1  0.0000 1.0000 0.4286 0.1164 0.4293 0.8501 0.5000 1.0000 0 1
SW115_2  1.0000 0.8125 1.0000 0.8501 0.3507 0.1899 0.6500 0.6000 1 0
SW115_3  0.0000 0.0000 0.0000 0.1899 0.9607 0.5822 0.0625 0.6250 0 1
SW115_4  0.0000 0.9375 1.0000 0.5822 0.4561 0.1531 0.9583 0.5000 1 0
SW115_5  0.0000 0.1250 1.0000 0.1531 0.4484 0.3348 0.3500 0.6000 0 1
SW115_6  0.8750 1.0000 0.8571 0.6906 0.4228 1.0000 0.5000 1.0000 1 0
SW116_0  1.0000 0.0000 0.0000 0.4017 0.8674 0.5789 0.5000 1.0000 0 1
SW116_1  1.0000 1.0000 0.4286 0.5789 0.4961 0.5156 0.5000 1.0000 0 1
SW116_2  1.0000 1.0000 1.0000 0.5156 0.0697 0.1060 1.0000 0.4286 1 0
SW116_3  0.0000 0.6000 0.1429 0.1060 0.1540 0.7625 0.5000 1.0000 0 1
SW116_4  1.0000 0.8000 0.2857 0.7625 0.4545 0.7591 0.5000 1.0000 0 1
SW116_5  1.0000 0.8125 1.0000 0.7591 0.0956 0.1070 1.0000 0.3333 1 0
SW116_6  0.0000 0.6000 0.1429 0.1070 0.0833 0.6562 0.5000 1.0000 0 1
SW116_7  1.0000 1.0000 0.4286 0.6562 0.2803 0.4094 0.5000 1.0000 0 1
SW116_8  1.0000 1.0000 1.0000 0.4094 0.1455 0.0044 1.0000 0.2500 1 0
SW117_0  0.5000 0.0000 0.0000 0.2500 0.7433 0.9577 0.5000 1.0000 0 1

