v 0.000000 0.000000 0.000000
v 0.000000 0.000000 0.000000
v 0.000000 0.000000 0.000000
v 0.000000 0.000000 0.000000
v 0.000000 0.000000 0.000000
v 0.000000 0.000000 0.000000
v 0.000000 0.000000 0.000000
v 0.000000 0.000000 0.000000
v 0.000000 0.000000 0.000000
v 0.000000 0.000000 0.000000
v 0.000000 0.000000 0.000000
v 0.000000 0.000000 0.000000
v 0.000000 0.000000 0.000000
v 0.000000 0.000000 0.000000
v 0.000000 0.000000 0.000000
v 0.000000 0.000000 0.000000
v 0.000000 0.000000 0.000000
v 0.000000 0.000000 0.000000
v 0.000000 0.000000 0.000000
v 0.000000 0.000000 0.000000
v 0.000000 0.000000 0.000000
v 0.000000 0.102921 0.010994
v 0.000000 0.102921 0.010994
v 0.000000 0.138263 -0.013475
v 0.000000 0.138263 -0.013475
v 0.000000 -0.046544 0.002352
v 0.000000 -0.046544 0.002352
v 0.000000 -0.036588 0.046142
v 0.000000 -0.036588 0.046142
v 0.000000 0.000000 0.000000
v 0.000000 0.000000 0.000000
v 0.000000 0.000000 0.000000
v 0.000000 0.000000 0.000000
v 0.000000 0.000000 0.000000
v 0.000000 0.000000 0.000000
v 0.000000 0.000000 0.000000
v 0.000000 0.000000 0.000000
v 0.000000 0.000000 0.000000
v 0.000000 0.000000 0.000000
v 0.000000 0.007589 0.007588
v 0.000000 0.007589 0.007588
v 0.000000 0.007589 0.007588
v 0.000000 0.007589 0.007588
v 0.000000 0.000000 0.000000
v 0.000000 0.000000 0.000000
v 0.000000 0.000000 0.000000
v 0.000000 0.000000 0.000000
v 0.000000 0.000000 0.000000
v 0.000000 0.000000 0.000000
v 0.000000 0.000000 0.000000
v 0.000000 0.000000 0.000000
v 0.000000 0.000000 0.000000
v 0.000000 0.000000 0.000000
v 0.000000 0.000000 0.000000
v 0.000000 0.000000 0.000000
v 0.000000 0.000000 0.000000
v 0.000000 0.000000 0.000000
v 0.000000 0.000000 0.000000
v 0.000000 0.000000 0.000000
v 0.000000 0.000000 0.000000
v 0.000000 0.000000 0.000000
v 0.000000 0.000000 0.000000
v 0.000000 0.000000 0.000000
v 0.000000 0.000000 0.000000
v 0.000000 0.000000 0.000000
v 0.000000 0.000000 0.000000
v 0.000000 0.000000 0.000000
v 0.000000 0.000000 0.000000
v 0.000000 0.000000 0.000000
v 0.000000 0.000000 0.000000
v 0.000000 0.000000 0.000000
v 0.000000 0.000000 0.000000
v 0.000000 0.000000 0.000000
v 0.000000 0.000000 0.000000
v 0.000000 0.000000 0.000000
v 0.000000 0.000000 0.000000
v 0.000000 0.000000 0.000000
v 0.000000 0.000000 0.000000
v 0.000000 0.000000 0.000000
v 0.000000 0.000000 0.000000
v 0.000000 0.000000 0.000000
v 0.000000 0.000000 0.000000
v 0.000000 0.000000 0.000000
v 0.000000 0.000000 0.000000
v 0.000000 0.000000 0.000000
v 0.000000 0.000000 0.000000
v 0.000000 0.000000 0.000000
v 0.000000 0.035975 0.000000
v 0.000000 0.035975 0.000000
v 0.000000 0.000000 0.000000
v 0.000000 0.000000 0.000000
v 0.000000 0.000000 0.000000
v 0.000000 0.000000 0.000000
v 0.000000 0.000000 0.000000
v 0.000000 0.000000 0.000000
v 0.000000 0.000000 0.000000
v 0.000000 0.000000 0.000000
v 0.000000 0.000000 0.000000
v 0.000000 0.000000 0.000000
v 0.000000 0.000000 0.000000
v 0.000000 0.000000 0.000000
v 0.000000 0.000000 0.000000
v 0.000000 0.000000 0.000000
v 0.000000 0.000000 0.000000
v 0.000000 0.000000 0.000000
v 0.000000 0.000000 0.000000
v 0.000000 0.000000 0.000000
v 0.000000 0.000000 0.000000
v 0.000000 0.000000 0.000000
v 0.000000 0.000000 0.000000
v 0.000000 0.000000 0.000000
v 0.000000 0.000000 0.000000
v 0.000000 0.000000 0.000000
v 0.000000 0.000000 0.000000
v 0.000000 0.000000 0.000000
v 0.000000 0.000000 0.000000
v 0.000000 0.000000 0.000000
v 0.000000 0.000000 0.000000
v 0.000000 0.000000 0.000000
v 0.000000 0.000000 0.000000
v 0.000000 0.000000 0.000000
v 0.000000 0.000000 0.000000
v 0.000000 0.000000 0.000000
v 0.000000 0.000000 0.000000
v 0.000000 0.000000 0.000000
v 0.000000 0.000000 0.000000
v 0.000000 0.000000 0.000000
v 0.000000 0.000000 0.000000
v 0.000000 0.000000 0.000000
v 0.000000 0.000000 0.000000
v 0.000000 0.000000 0.000000
v 0.000000 0.000000 0.000000
v 0.000000 0.000000 0.000000
v 0.000000 0.000000 0.000000
v 0.000000 0.000000 0.000000
v 0.000000 0.000000 0.000000
v 0.000000 0.000000 0.000000
v 0.000000 0.000000 0.000000
v 0.000000 0.000000 0.000000
v 0.000000 0.000000 0.000000
v 0.000000 0.000000 0.000000
v 0.000000 0.000000 0.000000
v 0.000000 0.000000 0.000000
v 0.000000 0.000000 0.000000
v 0.000000 0.000000 0.000000
v 0.000000 0.000000 0.000000
v 0.000000 0.000000 0.000000
v 0.000000 0.000000 0.000000
v 0.000000 0.000000 0.000000
v 0.000000 0.000000 0.000000
v 0.000000 0.000000 0.000000
v 0.000000 0.000000 0.000000
v 0.000000 0.000000 0.000000
v 0.000000 0.000000 0.000000
v 0.000000 0.000000 0.000000
v 0.000000 0.000000 0.000000
v 0.000000 0.000000 0.000000
v 0.000000 0.000000 0.000000
v 0.000000 0.000000 0.000000
v 0.000000 0.000000 0.000000
v 0.000000 0.000000 0.000000
v 0.000000 0.000000 0.000000
v 0.000000 0.000000 0.000000
v 0.000000 0.000000 0.000000
v 0.000000 0.000000 0.000000
v 0.000000 0.000000 0.000000
v 0.000000 0.000000 0.000000
v 0.000000 0.000000 0.000000
v 0.000000 0.000000 0.000000
v 0.000000 0.000000 0.000000
v 0.000000 0.000000 0.000000
v 0.000000 0.000000 0.000000
v 0.000000 0.000000 0.000000
v 0.000000 0.000000 0.000000
v 0.000000 0.000000 0.000000
v 0.000000 0.000000 0.000000
v 0.000000 0.000000 0.000000
v 0.000000 0.000000 0.000000
v 0.000000 0.000000 0.000000
v 0.000000 0.000000 0.000000
v 0.000000 0.000000 0.000000
v 0.000000 0.000000 0.000000
v 0.000000 0.000000 0.000000
v 0.000000 0.000000 0.000000
v 0.000000 0.000000 0.000000
v 0.000000 0.000000 0.000000
v 0.000000 0.000000 0.000000
v 0.000000 0.000000 0.000000
v 0.000000 0.000000 0.000000
v 0.000000 0.000000 0.000000
v 0.000000 0.000000 0.000000
v 0.000000 0.000000 0.000000
v 0.000000 0.000000 0.000000
v 0.000000 0.000000 0.000000
v 0.000000 0.000000 0.000000
v 0.000000 0.000000 0.000000
v 0.000000 0.000000 0.000000
v 0.000000 0.000000 0.000000
v 0.000000 0.000000 0.000000
v 0.000000 0.000000 0.000000
v 0.000000 0.000000 0.000000
v 0.000000 0.000000 0.000000
v 0.000000 0.000000 0.000000
v 0.000000 0.000000 0.000000
v 0.000000 0.000000 0.000000
v 0.000000 0.000000 0.000000
v 0.000000 0.000000 0.000000
v 0.000000 0.000000 0.000000
v 0.000000 0.000000 0.000000
v 0.000000 0.000000 0.000000
v 0.000000 0.000000 0.000000
v 0.000000 0.000000 0.000000
v 0.000000 0.000000 0.000000
v 0.000000 0.000000 0.000000
v 0.000000 0.000000 0.000000
v 0.000000 0.000000 0.000000
v 0.000000 0.000000 0.000000
v 0.000000 0.000000 0.000000
v 0.000000 0.000000 0.000000
v 0.000000 0.000000 0.000000
v 0.000000 0.000000 0.000000
v 0.000000 0.000000 0.000000
v 0.000000 0.000000 0.000000
v 0.000000 0.138085 0.013767
v 0.000000 0.108010 0.054271
v 0.000000 0.052315 0.002229
v 0.000000 0.138085 0.013767
v 0.000000 0.108010 0.054271
v 0.000000 0.052315 0.002229
v 0.000000 0.132476 0.018618
v 0.000000 0.109316 0.024732
v 0.000000 0.132476 0.018618
v 0.000000 0.109316 0.024732
v 0.000000 -0.035532 0.047983
v 0.000000 -0.054576 0.008366
v 0.000000 -0.036217 0.045567
v 0.000000 -0.035532 0.047983
v 0.000000 -0.054576 0.008366
v 0.000000 -0.036217 0.045567
v 0.000000 -0.044870 0.051759
v 0.000000 -0.032116 0.039005
v 0.000000 -0.044870 0.051759
v 0.000000 -0.032116 0.039005
v 0.000000 0.000000 0.000000
v 0.000000 0.000000 0.000000
v 0.000000 0.000000 0.000000
v 0.000000 0.000000 0.000000
v 0.000000 0.000000 0.000000
v 0.000000 0.000000 0.000000
v 0.000000 0.000000 0.000000
v 0.000000 0.000000 0.000000
v 0.000000 0.000000 0.000000
v 0.000000 0.000000 0.000000
v 0.000000 0.000000 0.000000
v 0.000000 0.000000 0.000000
v 0.000000 0.000000 0.000000
v 0.000000 0.000000 0.000000
v 0.000000 0.000000 0.000000
v 0.000000 0.000000 0.000000
v 0.000000 0.000000 0.000000
v 0.000000 0.000000 0.000000
v 0.000000 0.000000 0.000000
v 0.000000 0.000000 0.000000
v 0.000000 0.000000 0.000000
v 0.000000 0.000000 0.000000
v 0.000000 0.000000 0.000000
v 0.000000 0.000000 0.000000
v 0.000000 0.000000 0.000000
v 0.000000 0.000000 0.000000
v 0.000000 0.000000 0.000000
v 0.000000 0.000000 0.000000
v 0.000000 0.000000 0.000000
v 0.000000 0.000000 0.000000
v 0.000000 0.000000 0.000000
v 0.000000 0.000000 0.000000
v 0.000000 0.007588 0.007589
v 0.000000 0.007588 0.007588
v 0.000000 0.000000 0.000000
v 0.000000 0.007588 0.007589
v 0.000000 0.007588 0.007588
v 0.000000 0.000000 0.000000
v 0.000000 0.007588 0.007589
v 0.000000 0.000000 0.000000
v 0.000000 0.007588 0.007589
v 0.000000 0.000000 0.000000
v 0.000000 0.000000 0.000000
v 0.000000 0.000000 0.000000
v 0.000000 0.000000 0.000000
v 0.000000 0.000000 0.000000
v 0.000000 0.000000 0.000000
v 0.000000 0.000000 0.000000
v 0.000000 0.000000 0.000000
v 0.000000 0.000000 0.000000
v 0.000000 0.000000 0.000000
v 0.000000 0.000000 0.000000
v 0.000000 0.000000 0.000000
v 0.000000 0.000000 0.000000
v 0.000000 0.000000 0.000000
v 0.000000 0.000000 0.000000
v 0.000000 0.000000 0.000000
v 0.000000 0.000000 0.000000
v 0.000000 0.000000 0.000000
v 0.000000 0.000000 0.000000
v 0.000000 0.000000 0.000000
v 0.000000 0.000000 0.000000
v 0.000000 0.000000 0.000000
v 0.000000 0.000000 0.000000
v 0.000000 0.000000 0.000000
v 0.000000 0.000000 0.000000
v 0.000000 0.000000 0.000000
v 0.000000 0.000000 0.000000
v 0.000000 0.000000 0.000000
v 0.000000 0.000000 0.000000
v 0.000000 0.000000 0.000000
v 0.000000 0.000000 0.000000
v 0.000000 0.000000 0.000000
v 0.000000 0.000000 0.000000
v 0.000000 0.000000 0.000000
v 0.000000 0.000000 0.000000
v 0.000000 0.000000 0.000000
v 0.000000 0.000000 0.000000
v 0.000000 0.000000 0.000000
v 0.000000 0.000000 0.000000
v 0.000000 0.000000 0.000000
v 0.000000 0.000000 0.000000
v 0.000000 0.000000 0.000000
v 0.000000 0.000000 0.000000
v 0.000000 0.000000 0.000000
v 0.000000 0.000000 0.000000
v 0.000000 0.000000 0.000000
v 0.000000 0.000000 0.000000
v 0.000000 0.000000 0.000000
v 0.000000 0.000000 0.000000
v 0.000000 0.000000 0.000000
v 0.000000 0.000000 0.000000
v 0.000000 0.000000 0.000000
v 0.000000 0.000000 0.000000
v 0.000000 0.000000 0.000000
v 0.000000 0.000000 0.000000
v 0.000000 0.000000 0.000000
v 0.000000 0.000000 0.000000
v 0.000000 0.000000 0.000000
v 0.000000 0.000000 0.000000
v 0.000000 0.000000 0.000000
v 0.000000 0.000000 0.000000
v 0.000000 0.000000 0.000000
v 0.000000 0.000000 0.000000
v 0.000000 0.000000 0.000000
v 0.000000 0.000000 0.000000
v 0.000000 0.000000 0.000000
v 0.000000 0.000000 0.000000
v 0.000000 0.000000 0.000000
v 0.000000 0.000000 0.000000
v 0.000000 0.000000 0.000000
v 0.000000 0.000000 0.000000
v 0.000000 0.000000 0.000000
v 0.000000 0.000000 0.000000
v 0.000000 0.000000 0.000000
v 0.000000 0.000000 0.000000
v 0.000000 0.000000 0.000000
v 0.000000 0.000000 0.000000
v 0.000000 0.000000 0.000000
v 0.000000 0.000000 0.000000
v 0.000000 0.000000 0.000000
v 0.000000 0.000000 0.000000
v 0.000000 0.000000 0.000000
v 0.000000 0.000000 0.000000
v 0.000000 0.000000 0.000000
v 0.000000 0.000000 0.000000
v 0.000000 0.000000 0.000000
v 0.000000 0.000000 0.000000
v 0.000000 0.000000 0.000000
v 0.000000 0.000000 0.000000
v 0.000000 0.000000 0.000000
v 0.000000 0.000000 0.000000
v 0.000000 0.000000 0.000000
v 0.000000 0.000000 0.000000
v 0.000000 0.000000 0.000000
v 0.000000 0.000000 0.000000
v 0.000000 0.000000 0.000000
v 0.000000 0.000000 0.000000
v 0.000000 0.000000 0.000000
v 0.000000 0.000000 0.000000
v 0.000000 0.000000 0.000000
v 0.000000 0.000000 0.000000
v 0.000000 0.000000 0.000000
v 0.000000 0.000000 0.000000
v 0.000000 0.000000 0.000000
v 0.000000 0.000000 0.000000
v 0.000000 0.000000 0.000000
v 0.000000 0.000000 0.000000
v 0.000000 0.000000 0.000000
v 0.000000 0.000000 0.000000
v 0.000000 0.000000 0.000000
v 0.000000 0.000000 0.000000
v 0.000000 0.000000 0.000000
v 0.000000 0.000000 0.000000
v 0.000000 0.000000 0.000000
v 0.000000 0.000000 0.000000
v 0.000000 0.000000 0.000000
v 0.000000 0.000000 0.000000
v 0.000000 0.000000 0.000000
v 0.000000 0.000000 0.000000
v 0.000000 0.000000 0.000000
v 0.000000 0.000000 0.000000
v 0.000000 0.000000 0.000000
v 0.000000 0.000000 0.000000
v 0.000000 0.000000 0.000000
v 0.000000 0.000000 0.000000
v 0.000000 0.000000 0.000000
v 0.000000 0.000000 0.000000
v 0.000000 0.000000 0.000000
v 0.000000 0.000000 0.000000
v 0.000000 0.000000 0.000000
v 0.000000 0.000000 0.000000
v 0.000000 0.000000 0.000000
v 0.000000 0.000000 0.000000
v 0.000000 0.000000 0.000000
v 0.000000 0.000000 0.000000
v 0.000000 0.000000 0.000000
v 0.000000 0.000000 0.000000
v 0.000000 0.000000 0.000000
v 0.000000 0.000000 0.000000
v 0.000000 0.000000 0.000000
v 0.000000 0.000000 0.000000
v 0.000000 0.000000 0.000000
v 0.000000 0.000000 0.000000
v 0.000000 0.000000 0.000000
v 0.000000 0.000000 0.000000
v 0.000000 0.000000 0.000000
v 0.000000 0.000000 0.000000
v 0.000000 0.000000 0.000000
v 0.000000 0.000000 0.000000
v 0.000000 0.000000 0.000000
v 0.000000 0.000000 0.000000
v 0.000000 0.000000 0.000000
v 0.000000 0.000000 0.000000
v 0.000000 0.000000 0.000000
v 0.000000 0.000000 0.000000
v 0.000000 0.000000 0.000000
v 0.000000 0.000000 0.000000
v 0.000000 0.000000 0.000000
v 0.000000 0.000000 0.000000
v 0.000000 0.000000 0.000000
v 0.000000 0.000000 0.000000
v 0.000000 0.000000 0.000000
v 0.000000 0.000000 0.000000
v 0.000000 0.000000 0.000000
v 0.000000 0.000000 0.000000
v 0.000000 0.000000 0.000000
v 0.000000 0.000000 0.000000
v 0.000000 0.000000 0.000000
v 0.000000 0.000000 0.000000
v 0.000000 0.000000 0.000000
v 0.000000 0.000000 0.000000
v 0.000000 0.000000 0.000000
v 0.000000 0.000000 0.000000
v 0.000000 0.000000 0.000000
v 0.000000 0.000000 0.000000
v 0.000000 0.000000 0.000000
v 0.000000 0.000000 0.000000
v 0.000000 0.000000 0.000000
v 0.000000 0.000000 0.000000
v 0.000000 0.000000 0.000000
v 0.000000 0.000000 0.000000
v 0.000000 0.000000 0.000000
v 0.000000 0.000000 0.000000
v 0.000000 0.000000 0.000000
v 0.000000 0.000000 0.000000
v 0.000000 0.000000 0.000000
v 0.000000 0.000000 0.000000
v 0.000000 0.000000 0.000000
v 0.000000 0.000000 0.000000
v 0.000000 0.000000 0.000000
v 0.000000 0.000000 0.000000
v 0.000000 0.000000 0.000000
v 0.000000 0.000000 0.000000
v 0.000000 0.000000 0.000000
v 0.000000 0.000000 0.000000
v 0.000000 0.000000 0.000000
v 0.000000 0.000000 0.000000
v 0.000000 0.000000 0.000000
v 0.000000 0.000000 0.000000
v 0.000000 0.000000 0.000000
v 0.000000 0.000000 0.000000
v 0.000000 0.000000 0.000000
v 0.000000 0.000000 0.000000
v 0.000000 0.000000 0.000000
v 0.000000 0.000000 0.000000
v 0.000000 0.000000 0.000000
v 0.000000 0.000000 0.000000
v 0.000000 0.000000 0.000000
v 0.000000 0.000000 0.000000
v 0.000000 0.000000 0.000000
v 0.000000 0.000000 0.000000
v 0.000000 0.000000 0.000000
v 0.000000 0.000000 0.000000
v 0.000000 0.000000 0.000000
v 0.000000 0.000000 0.000000
v 0.000000 0.000000 0.000000
v 0.000000 0.000000 0.000000
v 0.000000 0.000000 0.000000
v 0.000000 0.000000 0.000000
v 0.000000 0.000000 0.000000
v 0.000000 0.000000 0.000000
v 0.000000 0.000000 0.000000
v 0.000000 0.000000 0.000000
v 0.000000 0.000000 0.000000
v 0.000000 0.000000 0.000000
v 0.000000 0.000000 0.000000
v 0.000000 0.000000 0.000000
v 0.000000 0.000000 0.000000
v 0.000000 0.000000 0.000000
v 0.000000 0.000000 0.000000
v 0.000000 0.000000 0.000000
v 0.000000 0.000000 0.000000
v 0.000000 0.000000 0.000000
v 0.000000 0.000000 0.000000
v 0.000000 0.000000 0.000000
v 0.000000 0.000000 0.000000
v 0.000000 0.000000 0.000000
v 0.000000 0.000000 0.000000
v 0.000000 0.000000 0.000000
v 0.000000 0.000000 0.000000
v 0.000000 0.000000 0.000000
v 0.000000 0.000000 0.000000
v 0.000000 0.000000 0.000000
v 0.000000 0.000000 0.000000
v 0.000000 0.000000 0.000000
v 0.000000 0.000000 0.000000
v 0.000000 0.000000 0.000000
v 0.000000 0.000000 0.000000
v 0.000000 0.000000 0.000000
v 0.000000 0.000000 0.000000
v 0.000000 0.000000 0.000000
v 0.000000 0.000000 0.000000
v 0.000000 0.000000 0.000000
v 0.000000 0.000000 0.000000
v 0.000000 0.000000 0.000000
v 0.000000 0.000000 0.000000
v 0.000000 0.000000 0.000000
v 0.000000 0.000000 0.000000
v 0.000000 0.000000 0.000000
v 0.000000 0.000000 0.000000
v 0.000000 0.000000 0.000000
v 0.000000 0.000000 0.000000
v 0.000000 0.000000 0.000000
v 0.000000 0.000000 0.000000
v 0.000000 0.000000 0.000000
v 0.000000 0.000000 0.000000
v 0.000000 0.000000 0.000000
v 0.000000 0.000000 0.000000
v 0.000000 0.000000 0.000000
v 0.000000 0.000000 0.000000
v 0.000000 0.000000 0.000000
v 0.000000 0.000000 0.000000
v 0.000000 0.000000 0.000000
v 0.000000 0.000000 0.000000
v 0.000000 0.000000 0.000000
v 0.000000 0.000000 0.000000
v 0.000000 0.000000 0.000000
v 0.000000 0.000000 0.000000
v 0.000000 0.000000 0.000000
v 0.000000 0.000000 0.000000
v 0.000000 0.000000 0.000000
v 0.000000 0.000000 0.000000
v 0.000000 0.000000 0.000000
v 0.000000 0.000000 0.000000
v 0.000000 0.000000 0.000000
v 0.000000 0.000000 0.000000
v 0.000000 0.000000 0.000000
v 0.000000 0.000000 0.000000
v 0.000000 0.000000 0.000000
v 0.000000 0.000000 0.000000
v 0.000000 0.000000 0.000000
v 0.000000 0.000000 0.000000
v 0.000000 0.000000 0.000000
v 0.000000 0.000000 0.000000
v 0.000000 0.083684 0.023487
v 0.000000 0.122683 0.046916
v 0.000000 0.000000 0.000000
v 0.000000 0.000000 0.000000
v 0.000000 0.000000 0.000000
v 0.000000 0.000000 0.000000
v 0.000000 0.000000 0.000000
v 0.000000 0.000000 0.000000
v 0.000000 0.000000 0.000000
v 0.000000 0.000000 0.000000
v 0.000000 0.000000 0.000000
v 0.000000 0.000000 0.000000
v 0.000000 0.000000 0.000000
v 0.000000 0.000000 0.000000
v 0.000000 0.000000 0.000000
v 0.000000 0.000000 0.000000
v 0.000000 0.000000 0.000000
v 0.000000 0.000000 0.000000
v 0.000000 0.000000 0.000000
v 0.000000 0.000000 0.000000
v 0.000000 0.000000 0.000000
v 0.000000 0.000000 0.000000
v 0.000000 0.000000 0.000000
v 0.000000 0.000000 0.000000
v 0.000000 0.000000 0.000000
v 0.000000 0.000000 0.000000
v 0.000000 0.000000 0.000000
v 0.000000 0.000000 0.000000
v 0.000000 0.000000 0.000000
v 0.000000 0.000000 0.000000
v 0.000000 0.000000 0.000000
v 0.000000 0.000000 0.000000
v 0.000000 0.000000 0.000000
v 0.000000 0.000000 0.000000
v 0.000000 0.000000 0.000000
v 0.000000 0.000000 0.000000
v 0.000000 0.000000 0.000000
v 0.000000 0.000000 0.000000
v 0.000000 0.000000 0.000000
v 0.000000 0.000000 0.000000
v 0.000000 0.000000 0.000000
v 0.000000 0.000000 0.000000
v 0.000000 0.000000 0.000000
v 0.000000 0.000000 0.000000
v 0.000000 0.085006 0.012967
v 0.000000 0.000000 0.000000
v 0.000000 0.000000 0.000000
v 0.000000 -0.040207 0.045707
v 0.000000 -0.043534 0.053423
v 0.000000 -0.053871 0.035749
v 0.000000 0.000000 0.000000
v 0.000000 0.000000 0.000000
v 0.000000 0.000000 0.000000
v 0.000000 0.000000 0.000000
v 0.000000 0.000000 0.000000
v 0.000000 0.000000 0.000000
v 0.000000 0.000000 0.000000
v 0.000000 0.000000 0.000000
v 0.000000 0.000000 0.000000
v 0.000000 0.000000 0.000000
v 0.000000 0.000000 0.000000
v 0.000000 0.000000 0.000000
v 0.000000 0.000000 0.000000
v 0.000000 0.000000 0.000000
v 0.000000 0.000000 0.000000
v 0.000000 0.000000 0.000000
v 0.000000 0.000000 0.000000
v 0.000000 0.000000 0.000000
v 0.000000 0.000000 0.000000
v 0.000000 0.000000 0.000000
v 0.000000 0.000000 0.000000
v 0.000000 0.000000 0.000000
v 0.000000 0.000000 0.000000
v 0.000000 0.000000 0.000000
v 0.000000 0.000000 0.000000
v 0.000000 0.000000 0.000000
v 0.000000 0.000000 0.000000
v 0.000000 0.000000 0.000000
v 0.000000 0.000000 0.000000
v 0.000000 0.000000 0.000000
v 0.000000 0.000000 0.000000
v 0.000000 0.000000 0.000000
v 0.000000 0.000000 0.000000
v 0.000000 0.000000 0.000000
v 0.000000 0.000000 0.000000
v 0.000000 0.083684 0.023487
v 0.000000 0.122683 0.046916
v 0.000000 0.000000 0.000000
v 0.000000 0.000000 0.000000
v 0.000000 0.085006 0.012967
v 0.000000 0.000000 0.000000
v 0.000000 -0.040207 0.045707
v 0.000000 -0.043534 0.053423
v 0.000000 -0.053871 0.035749
