v 0.000000 0.000000 0.000000
v 0.000000 0.000000 0.000000
v 0.000000 0.000000 0.000000
v 0.000000 0.000000 0.000000
v 0.000000 0.000000 0.000000
v 0.000000 0.000000 0.000000
v 0.000000 0.000000 0.000000
v 0.000000 0.000000 0.000000
v 0.000000 0.000000 0.000000
v 0.000000 0.000000 0.000000
v 0.000000 0.000000 0.000000
v 0.181290 -0.221011 0.079466
v -0.180031 -0.221011 0.079466
v 0.078010 -0.309874 0.072948
v -0.078010 -0.309874 0.072948
v 0.000000 -0.319802 0.067190
v 0.249025 -0.079863 0.162322
v -0.247733 -0.079863 0.162322
v 0.083068 -0.031271 0.158777
v -0.083368 -0.031271 0.158777
v -0.000174 -0.022176 0.159633
v 0.000000 0.000000 0.000000
v 0.000000 0.000000 0.000000
v 0.000000 0.000000 0.000000
v 0.000000 0.000000 0.000000
v 0.000000 0.000000 0.000000
v 0.000000 0.000000 0.000000
v 0.000000 0.000000 0.000000
v 0.000000 0.000000 0.000000
v 0.000000 0.000000 0.000000
v 0.000000 0.000000 0.000000
v 0.000000 0.000000 0.000000
v 0.000000 0.000000 0.000000
v 0.000000 0.000000 0.000000
v 0.000000 0.000000 0.000000
v 0.000000 0.000000 0.000000
v 0.000000 0.000000 0.000000
v 0.000000 0.000000 0.000000
v 0.000000 0.000000 0.000000
v 0.000000 0.000000 0.000000
v 0.000000 0.000000 0.000000
v 0.000000 0.000000 0.000000
v 0.000000 0.000000 0.000000
v 0.000000 0.000000 0.000000
v 0.001196 0.039372 0.139645
v 0.000000 -0.388537 0.030065
v 0.000000 -0.286035 -0.036290
v 0.000000 -0.129696 -0.063286
v 0.000000 -0.119926 -0.078153
v 0.000000 0.000000 0.000000
v 0.000000 0.000000 0.000000
v 0.000000 0.000000 0.000000
v 0.000000 0.000000 0.000000
v 0.000000 0.000000 0.000000
v 0.000000 0.000000 0.000000
v 0.000000 0.000000 0.000000
v 0.000000 0.000000 0.000000
v 0.000000 0.000000 0.000000
v 0.000000 0.000000 0.000000
v 0.000000 0.000000 0.000000
v 0.000000 0.000000 0.000000
v 0.000000 0.000000 0.000000
v 0.000000 0.000000 0.000000
v -0.072406 0.057001 0.131620
v 0.072057 0.057001 0.131620
v -0.064314 -0.369287 0.035528
v 0.064314 -0.369287 0.035528
v 0.000000 -0.272243 -0.030674
v 0.000000 -0.272243 -0.030674
v 0.000000 -0.123914 -0.061196
v 0.000000 -0.123914 -0.061196
v 0.000000 -0.112261 -0.077028
v 0.000000 -0.112261 -0.077028
v 0.000000 0.000000 0.000000
v 0.000000 0.000000 0.000000
v 0.000000 0.000000 0.000000
v 0.000000 0.000000 0.000000
v 0.000000 0.000000 0.000000
v 0.000000 0.000000 0.000000
v 0.000000 0.000000 0.000000
v 0.000000 0.000000 0.000000
v 0.000000 0.000000 0.000000
v 0.000000 0.000000 0.000000
v 0.000000 0.000000 0.000000
v 0.000000 0.000000 0.000000
v 0.000000 0.000000 0.000000
v 0.000000 0.000000 0.000000
v 0.000000 0.000000 0.000000
v 0.000000 0.000000 0.000000
v 0.000000 0.000000 0.000000
v 0.000000 0.000000 0.000000
v 0.000000 0.000000 0.000000
v 0.000000 0.000000 0.000000
v 0.000000 0.000000 0.000000
v 0.000000 0.000000 0.000000
v 0.000000 0.000000 0.000000
v 0.000000 0.000000 0.000000
v -0.090136 -0.067566 0.022369
v 0.089739 -0.067566 0.022369
v -0.140902 0.007390 0.141056
v 0.140902 0.007390 0.141056
v -0.265894 -0.158451 0.188685
v 0.265894 -0.158451 0.188685
v -0.179564 -0.067106 0.022369
v 0.179564 -0.067106 0.022369
v -0.140160 -0.301166 0.042677
v 0.140160 -0.301166 0.042677
v 0.000000 -0.204969 0.000642
v 0.000000 -0.204969 0.000642
v 0.000000 -0.100432 -0.050553
v 0.000000 -0.100432 -0.050553
v 0.000000 -0.086593 -0.069142
v 0.000000 -0.086593 -0.069142
v 0.000000 0.000000 0.000000
v 0.000000 0.000000 0.000000
v 0.000000 0.000000 0.000000
v 0.000000 0.000000 0.000000
v 0.000000 -0.067106 0.022369
v 0.000000 -0.067106 0.022369
v 0.000000 -0.065505 -0.055810
v 0.000000 -0.065505 -0.055810
v 0.000000 0.000000 0.000000
v 0.000000 0.000000 0.000000
v 0.000000 0.000000 0.000000
v 0.000000 0.000000 0.000000
v 0.000000 0.000000 0.000000
v 0.000000 0.000000 0.000000
v 0.000000 0.000000 0.000000
v 0.000000 0.000000 0.000000
v 0.000000 -0.067107 0.022368
v 0.000000 -0.067107 0.022368
v 0.000000 0.000000 0.000000
v 0.000000 0.000000 0.000000
v 0.000000 0.000000 0.000000
v 0.000000 0.000000 0.000000
v 0.000000 0.000000 0.000000
v 0.000000 0.000000 0.000000
v 0.000000 0.000000 0.000000
v 0.000000 0.000000 0.000000
v 0.000000 0.000000 0.000000
v 0.000000 0.000000 0.000000
v 0.000000 0.000000 0.000000
v 0.000000 0.000000 0.000000
v -0.078782 0.000000 0.000000
v 0.078121 0.000000 0.000000
v 0.000000 0.000000 0.000000
v 0.000000 0.000000 0.000000
v 0.000000 0.000000 0.000000
v 0.000000 0.000000 0.000000
v 0.000000 0.000000 0.000000
v 0.000000 0.000000 0.000000
v 0.000000 0.000000 0.000000
v 0.000000 0.000000 0.000000
v 0.000000 0.000000 0.000000
v 0.000000 0.000000 0.000000
v 0.000000 0.000000 0.000000
v 0.000000 0.000000 0.000000
v 0.000000 0.000000 0.000000
v 0.000000 0.000000 0.000000
v 0.000000 0.000000 0.000000
v 0.000000 0.000000 0.000000
v 0.000000 0.000000 0.000000
v 0.000000 0.000000 0.000000
v 0.000000 0.000000 0.000000
v 0.000000 0.000000 0.000000
v 0.000000 0.000000 0.000000
v 0.000000 0.000000 0.000000
v 0.000000 0.000000 0.000000
v 0.000000 0.000000 0.000000
v 0.000000 0.000000 0.000000
v 0.000000 0.000000 0.000000
v 0.000000 0.000000 0.000000
v 0.000000 0.000000 0.000000
v 0.000000 0.000000 0.000000
v 0.000000 0.000000 0.000000
v 0.000000 0.000000 0.000000
v 0.000000 0.000000 0.000000
v 0.000000 0.000000 0.000000
v 0.000000 0.000000 0.000000
v 0.000000 0.000000 0.000000
v 0.000000 0.000000 0.000000
v 0.000000 0.000000 0.000000
v 0.000000 0.000000 0.000000
v 0.000000 0.000000 0.000000
v 0.000000 0.000000 0.000000
v 0.000000 0.000000 0.000000
v 0.000000 0.000000 0.000000
v 0.000000 0.000000 0.000000
v 0.000000 0.000000 0.000000
v 0.000000 0.000000 0.000000
v 0.000000 0.000000 0.000000
v 0.000000 0.000000 0.000000
v 0.000000 0.000000 0.000000
v 0.000000 0.000000 0.000000
v 0.000000 0.000000 0.000000
v 0.000000 0.000000 0.000000
v 0.000000 0.000000 0.000000
v 0.000000 0.000000 0.000000
v 0.000000 0.000000 0.000000
v 0.000000 0.000000 0.000000
v 0.000000 0.000000 0.000000
v 0.129102 -0.271963 0.072788
v 0.305401 -0.152518 0.127525
v 0.132348 -0.318485 0.049510
v -0.129102 -0.271963 0.072788
v -0.302144 -0.152518 0.127525
v -0.132348 -0.318485 0.049510
v 0.026606 -0.318977 0.069680
v 0.060039 -0.371608 0.046619
v -0.026606 -0.318977 0.069680
v -0.060039 -0.371608 0.046619
v 0.000000 -0.364549 0.047718
v 0.144627 -0.040595 0.160418
v 0.127912 -0.011733 0.150416
v 0.333949 -0.131001 0.184877
v -0.144923 -0.040595 0.160418
v -0.127912 -0.011733 0.150416
v -0.332690 -0.131001 0.184877
v 0.027675 -0.023770 0.159032
v 0.064940 0.020824 0.144960
v -0.028023 -0.023770 0.159032
v -0.065289 0.020824 0.144960
v -0.000174 0.005163 0.153963
v 0.000000 0.000000 0.000000
v 0.000000 0.000000 0.000000
v 0.000000 0.000000 0.000000
v 0.000000 0.000000 0.000000
v 0.000000 0.000000 0.000000
v 0.000000 0.000000 0.000000
v 0.000000 0.000000 0.000000
v 0.000000 0.000000 0.000000
v 0.000000 0.000000 0.000000
v 0.000000 0.000000 0.000000
v 0.000000 0.000000 0.000000
v 0.000000 0.000000 0.000000
v 0.000000 0.000000 0.000000
v 0.000000 0.000000 0.000000
v 0.000000 0.000000 0.000000
v 0.000000 0.000000 0.000000
v 0.000000 0.000000 0.000000
v 0.000000 0.000000 0.000000
v 0.000000 0.000000 0.000000
v 0.000000 0.000000 0.000000
v 0.000000 0.000000 0.000000
v 0.000000 0.000000 0.000000
v 0.000000 0.000000 0.000000
v 0.000000 0.000000 0.000000
v 0.000000 0.000000 0.000000
v 0.000000 0.000000 0.000000
v 0.000000 0.000000 0.000000
v 0.000000 0.000000 0.000000
v 0.000000 0.000000 0.000000
v 0.000000 0.000000 0.000000
v 0.000000 0.083693 -0.049592
v 0.000000 0.000000 0.000000
v 0.000000 0.000000 0.000000
v 0.000000 0.000000 0.000000
v 0.000000 0.083693 -0.049592
v 0.000000 0.000000 0.000000
v 0.000000 0.000000 0.000000
v 0.000000 0.000000 0.000000
v 0.000000 0.000000 0.000000
v 0.000000 0.000000 0.000000
v 0.000000 0.000000 0.000000
v 0.000000 0.000000 0.000000
v 0.000000 0.000000 0.000000
v 0.000000 0.000000 0.000000
v 0.000000 0.000000 0.000000
v 0.000000 0.000000 0.000000
v 0.000000 0.000000 0.000000
v 0.000000 0.000000 0.000000
v 0.000000 0.000000 0.000000
v 0.000000 0.000000 0.000000
v 0.000000 0.000000 0.000000
v 0.000000 0.000000 0.000000
v 0.000000 0.000000 0.000000
v 0.000000 0.000000 0.000000
v 0.000000 0.000000 0.000000
v 0.000000 0.000000 0.000000
v 0.000000 0.000000 0.000000
v 0.000000 0.000000 0.000000
v 0.000000 0.000000 0.000000
v 0.000000 0.000000 0.000000
v 0.000000 0.000000 0.000000
v 0.000000 0.000000 0.000000
v -0.036539 0.046459 0.137785
v 0.036191 0.046459 0.137785
v 0.000000 -0.404810 -0.005923
v -0.031718 -0.384027 0.032271
v 0.031718 -0.384027 0.032271
v 0.000000 -0.232432 -0.138947
v 0.000000 -0.281827 -0.034837
v 0.000000 -0.281827 -0.034837
v 0.000000 -0.125686 -0.070569
v 0.000000 -0.128763 -0.063139
v 0.000000 -0.128763 -0.063139
v 0.000000 -0.118346 -0.078124
v 0.000000 -0.118346 -0.078124
v 0.000000 0.000000 0.000000
v 0.000000 0.000000 0.000000
v 0.000000 0.000000 0.000000
v 0.000000 0.000000 0.000000
v 0.000000 0.000000 0.000000
v 0.000000 0.000000 0.000000
v 0.000000 0.000000 0.000000
v 0.000000 0.000000 0.000000
v 0.000000 0.000000 0.000000
v 0.000000 0.000000 0.000000
v 0.000000 0.000000 0.000000
v 0.000000 0.000000 0.000000
v 0.000000 0.000000 0.000000
v 0.000000 0.000000 0.000000
v 0.000000 0.000000 0.000000
v 0.000000 0.000000 0.000000
v 0.000000 0.000000 0.000000
v 0.000000 0.000000 0.000000
v 0.000000 0.000000 0.000000
v 0.000000 0.000000 0.000000
v 0.000000 0.000000 0.000000
v 0.000000 0.000000 0.000000
v 0.000000 0.000000 0.000000
v 0.000000 0.000000 0.000000
v 0.000000 0.000000 0.000000
v 0.000000 0.000000 0.000000
v 0.000000 0.000000 0.000000
v 0.000000 0.000000 0.000000
v 0.000000 0.000000 0.000000
v 0.000000 0.000000 0.000000
v 0.000000 0.000000 0.000000
v 0.000000 0.000000 0.000000
v 0.000000 0.000000 0.000000
v 0.000000 0.000000 0.000000
v 0.000000 0.018950 -0.025131
v 0.000000 0.000000 0.000000
v -0.076949 -0.067107 0.022369
v 0.000000 0.000000 0.000000
v 0.000000 0.018950 -0.025131
v 0.000000 0.000000 0.000000
v 0.075580 -0.067107 0.022369
v 0.000000 0.000000 0.000000
v -0.119330 0.044715 0.132925
v 0.118982 0.044715 0.132925
v -0.068754 -0.385311 0.000284
v -0.098464 -0.346897 0.036994
v 0.068754 -0.385311 0.000284
v 0.098464 -0.346897 0.036994
v 0.000000 -0.215833 -0.133081
v 0.000000 -0.247032 -0.021212
v 0.000000 -0.215833 -0.133081
v 0.000000 -0.247032 -0.021212
v 0.000000 -0.119025 -0.068947
v 0.000000 -0.114404 -0.056983
v 0.000000 -0.119025 -0.068947
v 0.000000 -0.114404 -0.056983
v 0.000000 -0.100317 -0.073857
v 0.000000 -0.100317 -0.073857
v 0.000000 0.000000 0.000000
v 0.000000 0.000000 0.000000
v 0.000000 0.000000 0.000000
v 0.000000 0.000000 0.000000
v 0.000000 0.000000 0.000000
v 0.000000 0.000000 0.000000
v 0.000000 0.000000 0.000000
v 0.000000 0.000000 0.000000
v 0.000000 0.000000 0.000000
v 0.000000 0.000000 0.000000
v 0.000000 0.000000 0.000000
v 0.000000 0.000000 0.000000
v 0.000000 0.000000 0.000000
v 0.000000 0.000000 0.000000
v 0.000000 0.000000 0.000000
v 0.000000 0.000000 0.000000
v 0.000000 0.000000 0.000000
v 0.000000 0.000000 0.000000
v -0.030571 0.000000 0.000000
v 0.030493 0.000000 0.000000
v 0.000000 0.000000 0.000000
v 0.000000 0.000000 0.000000
v 0.000000 0.000000 0.000000
v 0.000000 0.000000 0.000000
v 0.000000 0.000000 0.000000
v 0.000000 0.000000 0.000000
v 0.000000 0.000000 0.000000
v 0.000000 0.000000 0.000000
v 0.000000 0.000000 0.000000
v 0.000000 0.000000 0.000000
v 0.000000 0.000000 0.000000
v 0.000000 0.000000 0.000000
v 0.000000 0.000000 0.000000
v 0.000000 0.000000 0.000000
v 0.000000 0.000000 0.000000
v 0.000000 0.000000 0.000000
v 0.000000 0.000000 0.000000
v 0.000000 0.000000 0.000000
v 0.000000 0.000000 0.000000
v 0.000000 0.000000 0.000000
v 0.000000 0.000000 0.000000
v 0.000000 0.000000 0.000000
v 0.000000 0.000000 0.000000
v 0.000000 0.000000 0.000000
v 0.000000 0.000000 0.000000
v 0.000000 0.000000 0.000000
v 0.000000 0.000000 0.000000
v 0.000000 0.000000 0.000000
v 0.000000 0.000000 0.000000
v 0.000000 0.000000 0.000000
v 0.000000 0.000000 0.000000
v 0.000000 0.000000 0.000000
v -0.121463 -0.014683 -0.009714
v -0.166933 -0.260690 0.131641
v -0.070428 -0.067107 0.022369
v 0.120357 -0.014683 -0.009714
v 0.167288 -0.260690 0.131641
v 0.069767 0.000000 0.000000
v -0.181672 -0.077240 0.111804
v 0.181672 -0.077240 0.111804
v -0.180557 -0.068494 0.024064
v -0.207537 -0.234764 0.056266
v 0.000000 -0.157008 0.036588
v 0.179585 -0.068494 0.024064
v 0.209271 -0.234764 0.056266
v 0.000000 -0.157008 0.036588
v -0.055351 -0.097143 -0.039943
v 0.000000 -0.067107 0.022369
v -0.169057 -0.067107 0.022368
v 0.055351 -0.097143 -0.039943
v 0.000000 -0.067107 0.022369
v 0.169057 -0.067107 0.022368
v -0.137721 -0.327378 0.014352
v 0.137721 -0.327378 0.014352
v 0.000000 -0.151238 -0.098593
v 0.000000 -0.151238 -0.098593
v 0.000000 -0.094463 -0.060427
v 0.000000 -0.083983 -0.051668
v 0.000000 -0.094463 -0.060427
v 0.000000 -0.083983 -0.051668
v 0.000000 -0.075161 -0.063412
v 0.000000 -0.075161 -0.063412
v 0.000000 0.000000 0.000000
v 0.000000 0.000000 0.000000
v 0.000000 0.000000 0.000000
v 0.000000 0.000000 0.000000
v 0.000000 0.000000 0.000000
v 0.000000 0.000000 0.000000
v 0.000000 0.000000 0.000000
v 0.000000 0.000000 0.000000
v 0.000000 0.000000 0.000000
v 0.000000 0.000000 0.000000
v 0.000000 -0.075251 0.010491
v 0.000000 -0.067106 0.022368
v 0.000000 -0.075251 0.010491
v 0.000000 -0.067106 0.022368
v 0.000000 -0.057108 0.008374
v 0.000000 -0.057108 0.008374
v 0.000000 0.000000 0.000000
v 0.000000 0.000000 0.000000
v 0.000000 0.000000 0.000000
v 0.000000 0.000000 0.000000
v 0.000000 0.000000 0.000000
v 0.000000 0.000000 0.000000
v 0.000000 0.000000 0.000000
v 0.000000 0.000000 0.000000
v 0.000000 0.000000 0.000000
v 0.000000 0.000000 0.000000
v 0.000000 0.000000 0.000000
v 0.000000 0.000000 0.000000
v 0.000000 0.000000 0.000000
v 0.000000 0.000000 0.000000
v 0.000000 0.000000 0.000000
v 0.000000 0.000000 0.000000
v 0.000000 0.000000 0.000000
v 0.000000 0.000000 0.000000
v 0.000000 0.000000 0.000000
v 0.000000 0.000000 0.000000
v 0.000000 0.000000 0.000000
v 0.000000 0.000000 0.000000
v 0.000000 0.000000 0.000000
v 0.000000 0.000000 0.000000
v 0.000000 0.000000 0.000000
v 0.000000 0.000000 0.000000
v -0.052798 0.000000 0.000000
v 0.052700 0.000000 0.000000
v 0.000000 0.000000 0.000000
v 0.000000 0.000000 0.000000
v 0.000000 0.000000 0.000000
v 0.000000 0.000000 0.000000
v 0.000000 0.000000 0.000000
v 0.000000 0.000000 0.000000
v 0.000000 0.000000 0.000000
v 0.000000 0.000000 0.000000
v 0.000000 0.000000 0.000000
v 0.000000 0.000000 0.000000
v 0.000000 0.000000 0.000000
v 0.000000 0.000000 0.000000
v 0.000000 0.000000 0.000000
v 0.000000 0.000000 0.000000
v 0.000000 0.000000 0.000000
v 0.000000 0.000000 0.000000
v 0.000000 0.000000 0.000000
v 0.000000 0.000000 0.000000
v 0.000000 0.000000 0.000000
v 0.000000 0.000000 0.000000
v 0.000000 0.000000 0.000000
v 0.000000 0.000000 0.000000
v 0.000000 0.000000 0.000000
v 0.000000 0.000000 0.000000
v 0.000000 0.000000 0.000000
v 0.000000 0.000000 0.000000
v 0.000000 0.000000 0.000000
v 0.000000 0.000000 0.000000
v 0.000000 0.000000 0.000000
v 0.000000 0.000000 0.000000
v 0.000000 0.000000 0.000000
v 0.000000 0.000000 0.000000
v 0.000000 0.000000 0.000000
v 0.000000 0.000000 0.000000
v 0.000000 0.000000 0.000000
v 0.000000 0.000000 0.000000
v 0.000000 0.000000 0.000000
v 0.000000 0.000000 0.000000
v 0.000000 0.000000 0.000000
v 0.000000 0.000000 0.000000
v 0.000000 0.000000 0.000000
v 0.000000 0.000000 0.000000
v 0.000000 0.000000 0.000000
v 0.000000 0.000000 0.000000
v 0.000000 0.000000 0.000000
v 0.000000 0.000000 0.000000
v 0.000000 0.000000 0.000000
v 0.000000 0.000000 0.000000
v 0.000000 0.000000 0.000000
v 0.000000 0.000000 0.000000
v 0.000000 0.000000 0.000000
v 0.000000 0.000000 0.000000
v 0.000000 0.000000 0.000000
v 0.000000 0.000000 0.000000
v 0.000000 0.000000 0.000000
v 0.000000 0.000000 0.000000
v 0.000000 0.000000 0.000000
v 0.000000 0.000000 0.000000
v 0.000000 0.000000 0.000000
v 0.000000 0.000000 0.000000
v 0.000000 0.000000 0.000000
v 0.000000 0.000000 0.000000
v 0.000000 0.000000 0.000000
v 0.000000 0.000000 0.000000
v 0.000000 0.000000 0.000000
v -0.027316 0.000000 0.000000
v -0.128260 -0.067107 0.022369
v 0.000000 0.000000 0.000000
v 0.000000 0.000000 0.000000
v 0.000000 0.000000 0.000000
v 0.000000 0.000000 0.000000
v 0.000000 -0.086274 0.011662
v 0.000000 -0.083777 -0.058533
v 0.000000 -0.107618 -0.064748
v 0.000000 -0.124461 -0.070473
v 0.000000 -0.229492 -0.138234
v 0.000000 -0.186615 -0.120473
v -0.126651 -0.118957 -0.065622
v -0.133971 -0.266617 0.035202
v -0.102501 -0.364110 0.004535
v -0.094573 -0.351813 0.047298
v -0.029117 -0.383131 0.042907
v -0.034502 -0.399482 -0.003870
v 0.034502 -0.399482 -0.003870
v 0.000000 -0.229492 -0.138234
v 0.000000 -0.124461 -0.070473
v 0.000000 -0.107618 -0.064748
v 0.000000 -0.083777 -0.058533
v 0.000000 -0.086274 0.011662
v 0.000000 -0.066016 0.012593
v 0.000000 0.000000 0.000000
v 0.000000 0.000000 0.000000
v 0.000000 0.000000 0.000000
v 0.000000 0.000000 0.000000
v 0.000000 0.000000 0.000000
v 0.000000 0.000000 0.000000
v 0.000000 0.000000 0.000000
v 0.000000 0.000000 0.000000
v 0.000000 0.000000 0.000000
v 0.000000 0.000000 0.000000
v 0.000000 0.000000 0.000000
v 0.000000 0.000000 0.000000
v 0.000000 0.000000 0.000000
v 0.000000 0.000000 0.000000
v 0.000000 0.000000 0.000000
v 0.000000 0.000000 0.000000
v 0.027237 0.000000 0.000000
v 0.127239 -0.067107 0.022369
v 0.126669 -0.118957 -0.065622
v 0.000000 -0.186615 -0.120473
v 0.102501 -0.364110 0.004535
v 0.133971 -0.266617 0.035202
v 0.195731 -0.267475 0.057814
v 0.094573 -0.351813 0.047298
v 0.029117 -0.383131 0.042907
v 0.137693 -0.092084 0.097321
v 0.167251 -0.083216 0.117080
v 0.109144 0.010418 0.146172
v 0.064403 0.005823 -0.019683
v 0.000000 0.077847 -0.050415
v 0.030054 0.013362 0.149931
v -0.030402 0.013362 0.149931
v 0.000000 0.077847 -0.050415
v -0.065772 0.005823 -0.019683
v -0.109493 0.010418 0.146172
v -0.167251 -0.083216 0.117080
v -0.137356 -0.092084 0.097321
v 0.000000 0.000000 0.000000
v 0.000000 0.000000 0.000000
v 0.000000 0.000000 0.000000
v 0.000000 0.000000 0.000000
v 0.000000 0.000000 0.000000
v 0.000000 0.000000 0.000000
v 0.000000 0.000000 0.000000
v 0.000000 0.000000 0.000000
v 0.000000 0.000000 0.000000
v 0.000000 0.000000 0.000000
v 0.000000 0.000000 0.000000
v 0.000000 0.000000 0.000000
v 0.000000 0.000000 0.000000
v 0.000000 0.000000 0.000000
v 0.000000 0.000000 0.000000
v 0.000000 0.000000 0.000000
v 0.000000 0.000000 0.000000
v 0.000000 0.000000 0.000000
v 0.000000 0.000000 0.000000
v 0.000000 0.000000 0.000000
v 0.000000 0.000000 0.000000
v 0.000000 0.000000 0.000000
v 0.000000 0.000000 0.000000
v 0.000000 0.000000 0.000000
v 0.000000 0.000000 0.000000
v 0.000000 0.000000 0.000000
v 0.000000 0.000000 0.000000
v 0.000000 0.000000 0.000000
v 0.000000 0.000000 0.000000
v 0.000000 0.000000 0.000000
v 0.000000 0.000000 0.000000
v 0.000000 0.000000 0.000000
v 0.000000 0.000000 0.000000
v 0.000000 0.000000 0.000000
v 0.000000 0.000000 0.000000
v 0.000000 0.000000 0.000000
v 0.000000 0.000000 0.000000
v 0.000000 0.000000 0.000000
v 0.000000 0.000000 0.000000
v 0.000000 0.000000 0.000000
v 0.000000 0.000000 0.000000
v 0.000000 0.000000 0.000000
v 0.000000 0.000000 0.000000
v -0.193997 -0.267475 0.057814
v 0.000000 -0.066016 0.012593
v 0.000000 0.000000 0.000000
v 0.000000 0.000000 0.000000
v 0.000000 0.000000 0.000000
v 0.000000 0.000000 0.000000
v 0.000000 0.000000 0.000000
v 0.000000 0.000000 0.000000
v 0.000000 0.000000 0.000000
v 0.000000 0.000000 0.000000
v 0.000000 0.000000 0.000000
v 0.000000 0.000000 0.000000
v 0.000000 0.000000 0.000000
v 0.000000 0.000000 0.000000
v 0.000000 0.000000 0.000000
v 0.000000 0.000000 0.000000
v 0.000000 0.000000 0.000000
v 0.000000 0.000000 0.000000
v 0.000000 0.000000 0.000000
v 0.000000 0.000000 0.000000
