v 0.000000 -0.129697 -0.222981
v 0.000000 -0.177229 -0.024996
v 0.000000 -0.361430 -0.278615
v 0.000000 -0.408962 -0.080629
v 0.000000 -0.569190 -0.328494
v 0.000000 -0.616722 -0.130509
v 0.000000 -0.625125 -0.341923
v 0.000000 -0.672657 -0.143938
v 0.000000 -0.625125 -0.341923
v 0.000000 -0.672657 -0.143938
v 0.000000 -0.569190 -0.328494
v 0.000000 -0.616722 -0.130509
v 0.000000 -0.361430 -0.278615
v 0.000000 -0.408962 -0.080629
v 0.000000 -0.129697 -0.222981
v 0.000000 -0.177229 -0.024996
v 0.000000 0.000000 0.000000
v 0.000000 0.000000 0.000000
v 0.000000 0.000000 0.000000
v 0.000000 0.000000 0.000000
v 0.000000 0.000000 0.000000
v 0.000000 0.000000 0.000000
v 0.000000 0.000000 0.000000
v 0.000000 0.000000 0.000000
v 0.000000 0.000000 0.000000
v 0.000000 0.000000 0.000000
v 0.000000 0.000000 0.000000
v 0.000000 0.000000 0.000000
v 0.000000 0.000000 0.000000
v 0.000000 0.000000 0.000000
v 0.000000 0.000000 0.000000
v 0.000000 0.000000 0.000000
