v 0.000000 0.000000 0.000000
v 0.000000 0.000000 0.000000
v 0.000000 0.000000 0.000000
v 0.000000 0.000000 0.000000
v 0.000000 0.000000 0.000000
v 0.000000 0.000000 0.000000
v 0.000000 0.000000 0.000000
v 0.000000 0.000000 0.000000
v 0.000000 0.000000 0.000000
v 0.000000 0.000000 0.000000
v 0.000000 0.000000 0.000000
v 0.000000 -0.077674 -0.033413
v 0.000000 -0.077674 -0.033413
v 0.000000 -0.141818 -0.032645
v 0.000000 -0.141818 -0.032645
v 0.000000 -0.144665 -0.037420
v 0.000000 0.016488 -0.001210
v 0.000000 0.016488 -0.001210
v 0.000000 0.048719 -0.004957
v 0.000000 0.048719 -0.004957
v 0.000000 0.055766 -0.004101
v 0.000000 0.000000 0.000000
v 0.000000 0.000000 0.000000
v 0.000000 0.000000 0.000000
v 0.000000 0.000000 0.000000
v 0.000000 0.000000 0.000000
v 0.000000 0.000000 0.000000
v 0.000000 0.000000 0.000000
v 0.000000 0.000000 0.000000
v 0.000000 0.000000 0.000000
v 0.000000 0.000000 0.000000
v 0.000000 0.000000 0.000000
v 0.000000 0.000000 0.000000
v 0.000000 0.000000 0.000000
v 0.000000 0.000000 0.000000
v 0.000000 0.000000 0.000000
v 0.000000 0.000000 0.000000
v 0.000000 0.000000 0.000000
v 0.000000 0.000000 0.000000
v 0.000000 0.000000 0.000000
v 0.000000 0.000000 0.000000
v 0.000000 0.000000 0.000000
v 0.000000 0.000000 0.000000
v 0.000000 0.000000 0.000000
v 0.000000 0.084502 -0.024090
v 0.000000 -0.177704 -0.066919
v 0.000000 -0.155887 -0.057306
v 0.000000 -0.035573 0.000000
v 0.000000 -0.035574 0.000000
v 0.000000 0.000000 0.000000
v 0.000000 0.000000 0.000000
v 0.000000 0.000000 0.000000
v 0.000000 0.000000 0.000000
v 0.000000 0.000000 0.000000
v 0.000000 0.000000 0.000000
v 0.000000 0.000000 0.000000
v 0.000000 0.000000 0.000000
v 0.000000 0.000000 0.000000
v 0.000000 0.000000 0.000000
v 0.000000 0.000000 0.000000
v 0.000000 0.000000 0.000000
v 0.000000 0.000000 0.000000
v 0.000000 0.000000 0.000000
v 0.000000 0.089483 -0.032115
v 0.000000 0.089483 -0.032115
v 0.000000 -0.165139 -0.062681
v 0.000000 -0.165139 -0.062681
v 0.000000 -0.143975 -0.052696
v 0.000000 -0.143975 -0.052696
v 0.000000 -0.035573 0.000000
v 0.000000 -0.035573 0.000000
v 0.000000 -0.035574 0.000000
v 0.000000 -0.035574 0.000000
v 0.000000 0.000000 0.000000
v 0.000000 0.000000 0.000000
v 0.000000 0.000000 0.000000
v 0.000000 0.000000 0.000000
v 0.000000 0.000000 0.000000
v 0.000000 0.000000 0.000000
v 0.000000 0.000000 0.000000
v 0.000000 0.000000 0.000000
v 0.000000 0.000000 0.000000
v 0.000000 0.000000 0.000000
v 0.000000 0.000000 0.000000
v 0.000000 0.000000 0.000000
v 0.000000 0.000000 0.000000
v 0.000000 0.000000 0.000000
v 0.000000 0.000000 0.000000
v 0.000000 0.000000 0.000000
v 0.000000 0.000000 0.000000
v 0.000000 0.000000 0.000000
v 0.000000 0.000000 0.000000
v 0.000000 0.000000 0.000000
v 0.000000 0.000000 0.000000
v 0.000000 0.000000 0.000000
v 0.000000 0.000000 0.000000
v 0.000000 0.000000 0.000000
v 0.000000 0.000000 0.000000
v 0.000000 0.000000 0.000000
v 0.000000 0.056884 -0.022678
v 0.000000 0.056884 -0.022678
v 0.000000 -0.020580 0.003169
v 0.000000 -0.020580 0.003169
v 0.000000 0.000000 0.000000
v 0.000000 0.000000 0.000000
v 0.000000 -0.114649 -0.058058
v 0.000000 -0.114649 -0.058058
v 0.000000 -0.085814 -0.026847
v 0.000000 -0.085814 -0.026847
v 0.000000 -0.035573 0.000000
v 0.000000 -0.035573 0.000000
v 0.000000 -0.035574 0.000000
v 0.000000 -0.035574 0.000000
v 0.000000 0.000000 0.000000
v 0.000000 0.000000 0.000000
v 0.000000 0.000000 0.000000
v 0.000000 0.000000 0.000000
v 0.000000 0.000000 0.000000
v 0.000000 0.000000 0.000000
v 0.000000 0.000000 0.000000
v 0.000000 0.000000 0.000000
v 0.000000 0.000000 0.000000
v 0.000000 0.000000 0.000000
v 0.000000 0.000000 0.000000
v 0.000000 0.000000 0.000000
v 0.000000 0.000000 0.000000
v 0.000000 0.000000 0.000000
v 0.000000 0.000000 0.000000
v 0.000000 0.000000 0.000000
v 0.000000 0.000000 0.000000
v 0.000000 0.000000 0.000000
v 0.000000 0.000000 0.000000
v 0.000000 0.000000 0.000000
v 0.000000 0.000000 0.000000
v 0.000000 0.000000 0.000000
v 0.000000 0.000000 0.000000
v 0.000000 0.000000 0.000000
v 0.000000 0.000000 0.000000
v 0.000000 0.000000 0.000000
v 0.000000 0.000000 0.000000
v 0.000000 0.000000 0.000000
v 0.000000 0.000000 0.000000
v 0.000000 0.000000 0.000000
v 0.000000 0.081159 -0.018036
v 0.000000 0.081159 -0.018036
v 0.000000 0.000000 0.000000
v 0.000000 0.000000 0.000000
v 0.000000 0.000000 0.000000
v 0.000000 0.000000 0.000000
v 0.000000 0.000000 0.000000
v 0.000000 0.000000 0.000000
v 0.000000 0.000000 0.000000
v 0.000000 0.000000 0.000000
v 0.000000 0.000000 0.000000
v 0.000000 0.000000 0.000000
v 0.000000 0.000000 0.000000
v 0.000000 0.000000 0.000000
v 0.000000 0.000000 0.000000
v 0.000000 0.000000 0.000000
v 0.000000 0.000000 0.000000
v 0.000000 0.000000 0.000000
v 0.000000 0.000000 0.000000
v 0.000000 0.000000 0.000000
v 0.000000 0.000000 0.000000
v 0.000000 0.000000 0.000000
v 0.000000 0.000000 0.000000
v 0.000000 0.000000 0.000000
v 0.000000 0.000000 0.000000
v 0.000000 0.000000 0.000000
v 0.000000 0.000000 0.000000
v 0.000000 0.000000 0.000000
v 0.000000 0.000000 0.000000
v 0.000000 0.000000 0.000000
v 0.000000 0.000000 0.000000
v 0.000000 0.000000 0.000000
v 0.000000 0.000000 0.000000
v 0.000000 0.000000 0.000000
v 0.000000 0.000000 0.000000
v 0.000000 0.000000 0.000000
v 0.000000 0.000000 0.000000
v 0.000000 0.000000 0.000000
v 0.000000 0.000000 0.000000
v 0.000000 0.000000 0.000000
v 0.000000 0.000000 0.000000
v 0.000000 0.000000 0.000000
v 0.000000 0.000000 0.000000
v 0.000000 0.000000 0.000000
v 0.000000 0.000000 0.000000
v 0.000000 0.000000 0.000000
v 0.000000 0.000000 0.000000
v 0.000000 0.000000 0.000000
v 0.000000 0.000000 0.000000
v 0.000000 0.000000 0.000000
v 0.000000 0.000000 0.000000
v 0.000000 0.000000 0.000000
v 0.000000 0.000000 0.000000
v 0.000000 0.000000 0.000000
v 0.000000 0.000000 0.000000
v 0.000000 0.000000 0.000000
v 0.000000 0.000000 0.000000
v 0.000000 0.000000 0.000000
v 0.000000 -0.129177 -0.033025
v 0.000000 -0.028731 -0.033966
v 0.000000 -0.142608 -0.053918
v 0.000000 -0.129177 -0.033025
v 0.000000 -0.028731 -0.033966
v 0.000000 -0.142608 -0.053918
v 0.000000 -0.145251 -0.035320
v 0.000000 -0.184294 -0.055534
v 0.000000 -0.145251 -0.035320
v 0.000000 -0.184294 -0.055534
v 0.000000 -0.171187 -0.053236
v 0.000000 0.043855 -0.003316
v 0.000000 0.052409 -0.013318
v 0.000000 -0.007864 0.002520
v 0.000000 0.043855 -0.003316
v 0.000000 0.052409 -0.013318
v 0.000000 -0.007864 0.002520
v 0.000000 0.053440 -0.004702
v 0.000000 0.074841 -0.018774
v 0.000000 0.053440 -0.004702
v 0.000000 0.074841 -0.018774
v 0.000000 0.073065 -0.009771
v 0.000000 0.000000 0.000000
v 0.000000 0.000000 0.000000
v 0.000000 0.000000 0.000000
v 0.000000 0.000000 0.000000
v 0.000000 0.000000 0.000000
v 0.000000 0.000000 0.000000
v 0.000000 0.000000 0.000000
v 0.000000 0.000000 0.000000
v 0.000000 0.000000 0.000000
v 0.000000 0.000000 0.000000
v 0.000000 0.000000 0.000000
v 0.000000 0.000000 0.000000
v 0.000000 0.000000 0.000000
v 0.000000 0.000000 0.000000
v 0.000000 0.000000 0.000000
v 0.000000 0.000000 0.000000
v 0.000000 0.000000 0.000000
v 0.000000 0.000000 0.000000
v 0.000000 0.000000 0.000000
v 0.000000 0.000000 0.000000
v 0.000000 0.000000 0.000000
v 0.000000 0.000000 0.000000
v 0.000000 0.000000 0.000000
v 0.000000 0.000000 0.000000
v 0.000000 0.000000 0.000000
v 0.000000 0.000000 0.000000
v 0.000000 0.000000 0.000000
v 0.000000 0.000000 0.000000
v 0.000000 0.000000 0.000000
v 0.000000 0.000000 0.000000
v 0.000000 0.083693 -0.049592
v 0.000000 0.000000 0.000000
v 0.000000 0.000000 0.000000
v 0.000000 0.000000 0.000000
v 0.000000 0.083693 -0.049592
v 0.000000 0.000000 0.000000
v 0.000000 0.000000 0.000000
v 0.000000 0.000000 0.000000
v 0.000000 0.000000 0.000000
v 0.000000 0.000000 0.000000
v 0.000000 0.000000 0.000000
v 0.000000 0.000000 0.000000
v 0.000000 0.000000 0.000000
v 0.000000 0.000000 0.000000
v 0.000000 0.000000 0.000000
v 0.000000 0.000000 0.000000
v 0.000000 0.000000 0.000000
v 0.000000 0.000000 0.000000
v 0.000000 0.000000 0.000000
v 0.000000 0.000000 0.000000
v 0.000000 0.000000 0.000000
v 0.000000 0.000000 0.000000
v 0.000000 0.000000 0.000000
v 0.000000 0.000000 0.000000
v 0.000000 0.000000 0.000000
v 0.000000 0.000000 0.000000
v 0.000000 0.000000 0.000000
v 0.000000 0.000000 0.000000
v 0.000000 0.000000 0.000000
v 0.000000 0.000000 0.000000
v 0.000000 0.000000 0.000000
v 0.000000 0.000000 0.000000
v 0.000000 0.088435 -0.025949
v 0.000000 0.088435 -0.025949
v 0.000000 -0.176835 -0.098117
v 0.000000 -0.175217 -0.065138
v 0.000000 -0.175217 -0.065138
v 0.000000 -0.102352 -0.082314
v 0.000000 -0.152257 -0.056123
v 0.000000 -0.152257 -0.056123
v 0.000000 -0.035573 0.000000
v 0.000000 -0.035574 0.000000
v 0.000000 -0.035574 0.000000
v 0.000000 -0.035573 0.000000
v 0.000000 -0.035573 0.000000
v 0.000000 0.000000 0.000000
v 0.000000 0.000000 0.000000
v 0.000000 0.000000 0.000000
v 0.000000 0.000000 0.000000
v 0.000000 0.000000 0.000000
v 0.000000 0.000000 0.000000
v 0.000000 0.000000 0.000000
v 0.000000 0.000000 0.000000
v 0.000000 0.000000 0.000000
v 0.000000 0.000000 0.000000
v 0.000000 0.000000 0.000000
v 0.000000 0.000000 0.000000
v 0.000000 0.000000 0.000000
v 0.000000 0.000000 0.000000
v 0.000000 0.000000 0.000000
v 0.000000 0.000000 0.000000
v 0.000000 0.000000 0.000000
v 0.000000 0.000000 0.000000
v 0.000000 0.000000 0.000000
v 0.000000 0.000000 0.000000
v 0.000000 0.000000 0.000000
v 0.000000 0.000000 0.000000
v 0.000000 0.000000 0.000000
v 0.000000 0.000000 0.000000
v 0.000000 0.000000 0.000000
v 0.000000 0.000000 0.000000
v 0.000000 0.000000 0.000000
v 0.000000 0.000000 0.000000
v 0.000000 0.000000 0.000000
v 0.000000 0.000000 0.000000
v 0.000000 0.000000 0.000000
v 0.000000 0.000000 0.000000
v 0.000000 0.000000 0.000000
v 0.000000 0.000000 0.000000
v 0.000000 0.086056 -0.047499
v 0.000000 0.000000 0.000000
v 0.000000 0.000000 0.000000
v 0.000000 0.000000 0.000000
v 0.000000 0.086056 -0.047499
v 0.000000 0.000000 0.000000
v 0.000000 0.000000 0.000000
v 0.000000 0.000000 0.000000
v 0.000000 0.079953 -0.030809
v 0.000000 0.079953 -0.030809
v 0.000000 -0.164128 -0.093158
v 0.000000 -0.148106 -0.061914
v 0.000000 -0.164128 -0.093158
v 0.000000 -0.148106 -0.061914
v 0.000000 -0.089359 -0.077976
v 0.000000 -0.122213 -0.044959
v 0.000000 -0.089359 -0.077976
v 0.000000 -0.122213 -0.044959
v 0.000000 -0.035573 0.000000
v 0.000000 -0.035574 0.000000
v 0.000000 -0.035573 0.000000
v 0.000000 -0.035574 0.000000
v 0.000000 -0.035573 0.000000
v 0.000000 -0.035573 0.000000
v 0.000000 0.000000 0.000000
v 0.000000 0.000000 0.000000
v 0.000000 0.000000 0.000000
v 0.000000 0.000000 0.000000
v 0.000000 0.000000 0.000000
v 0.000000 0.000000 0.000000
v 0.000000 0.000000 0.000000
v 0.000000 0.000000 0.000000
v 0.000000 0.000000 0.000000
v 0.000000 0.000000 0.000000
v 0.000000 0.000000 0.000000
v 0.000000 0.000000 0.000000
v 0.000000 0.000000 0.000000
v 0.000000 0.000000 0.000000
v 0.000000 0.000000 0.000000
v 0.000000 0.000000 0.000000
v 0.000000 0.000000 0.000000
v 0.000000 0.000000 0.000000
v 0.000000 0.081158 -0.018035
v 0.000000 0.081158 -0.018035
v 0.000000 0.000000 0.000000
v 0.000000 0.000000 0.000000
v 0.000000 0.000000 0.000000
v 0.000000 0.000000 0.000000
v 0.000000 0.000000 0.000000
v 0.000000 0.000000 0.000000
v 0.000000 0.000000 0.000000
v 0.000000 0.000000 0.000000
v 0.000000 0.000000 0.000000
v 0.000000 0.000000 0.000000
v 0.000000 0.000000 0.000000
v 0.000000 0.000000 0.000000
v 0.000000 0.000000 0.000000
v 0.000000 0.000000 0.000000
v 0.000000 0.000000 0.000000
v 0.000000 0.000000 0.000000
v 0.000000 0.000000 0.000000
v 0.000000 0.000000 0.000000
v 0.000000 0.000000 0.000000
v 0.000000 0.000000 0.000000
v 0.000000 0.000000 0.000000
v 0.000000 0.000000 0.000000
v 0.000000 0.000000 0.000000
v 0.000000 0.000000 0.000000
v 0.000000 0.000000 0.000000
v 0.000000 0.000000 0.000000
v 0.000000 0.000000 0.000000
v 0.000000 0.000000 0.000000
v 0.000000 0.000000 0.000000
v 0.000000 0.000000 0.000000
v 0.000000 0.000000 0.000000
v 0.000000 0.000000 0.000000
v 0.000000 0.052601 -0.032083
v 0.000000 0.000000 0.000000
v 0.000000 0.027053 0.000000
v 0.000000 0.052601 -0.032083
v 0.000000 0.000000 0.000000
v 0.000000 0.027053 0.000000
v 0.000000 0.030610 -0.014462
v 0.000000 0.030610 -0.014462
v 0.000000 -0.001387 0.001695
v 0.000000 -0.068121 -0.047930
v 0.000000 -0.044146 0.003261
v 0.000000 -0.001387 0.001695
v 0.000000 -0.068121 -0.047930
v 0.000000 -0.044146 0.003261
v 0.000000 0.000000 0.000000
v 0.000000 0.000000 0.000000
v 0.000000 0.000000 0.000000
v 0.000000 0.000000 0.000000
v 0.000000 0.000000 0.000000
v 0.000000 0.000000 0.000000
v 0.000000 -0.124172 -0.082134
v 0.000000 -0.124172 -0.082134
v 0.000000 -0.038638 -0.052023
v 0.000000 -0.038638 -0.052023
v 0.000000 -0.035574 0.000000
v 0.000000 -0.035573 0.000000
v 0.000000 -0.035574 0.000000
v 0.000000 -0.035573 0.000000
v 0.000000 -0.035573 0.000000
v 0.000000 -0.035573 0.000000
v 0.000000 0.000000 0.000000
v 0.000000 0.000000 0.000000
v 0.000000 0.000000 0.000000
v 0.000000 0.000000 0.000000
v 0.000000 0.000000 0.000000
v 0.000000 0.000000 0.000000
v 0.000000 0.000000 0.000000
v 0.000000 0.000000 0.000000
v 0.000000 0.000000 0.000000
v 0.000000 0.000000 0.000000
v 0.000000 0.000000 0.000000
v 0.000000 0.000000 0.000000
v 0.000000 0.000000 0.000000
v 0.000000 0.000000 0.000000
v 0.000000 0.000000 0.000000
v 0.000000 0.000000 0.000000
v 0.000000 0.000000 0.000000
v 0.000000 0.000000 0.000000
v 0.000000 0.000000 0.000000
v 0.000000 0.000000 0.000000
v 0.000000 0.000000 0.000000
v 0.000000 0.000000 0.000000
v 0.000000 0.000000 0.000000
v 0.000000 0.000000 0.000000
v 0.000000 0.000000 0.000000
v 0.000000 0.000000 0.000000
v 0.000000 0.000000 0.000000
v 0.000000 0.000000 0.000000
v 0.000000 0.000000 0.000000
v 0.000000 0.000000 0.000000
v 0.000000 0.000000 0.000000
v 0.000000 0.000000 0.000000
v 0.000000 0.000000 0.000000
v 0.000000 0.000000 0.000000
v 0.000000 0.000000 0.000000
v 0.000000 0.000000 0.000000
v 0.000000 0.000000 0.000000
v 0.000000 0.000000 0.000000
v 0.000000 0.000000 0.000000
v 0.000000 0.000000 0.000000
v 0.000000 0.000000 0.000000
v 0.000000 0.000000 0.000000
v 0.000000 0.045088 -0.009018
v 0.000000 0.045088 -0.009018
v 0.000000 0.000000 0.000000
v 0.000000 0.000000 0.000000
v 0.000000 0.000000 0.000000
v 0.000000 0.000000 0.000000
v 0.000000 0.000000 0.000000
v 0.000000 0.000000 0.000000
v 0.000000 0.000000 0.000000
v 0.000000 0.000000 0.000000
v 0.000000 0.000000 0.000000
v 0.000000 0.000000 0.000000
v 0.000000 0.000000 0.000000
v 0.000000 0.000000 0.000000
v 0.000000 0.000000 0.000000
v 0.000000 0.000000 0.000000
v 0.000000 0.000000 0.000000
v 0.000000 0.000000 0.000000
v 0.000000 0.000000 0.000000
v 0.000000 0.000000 0.000000
v 0.000000 0.000000 0.000000
v 0.000000 0.000000 0.000000
v 0.000000 0.000000 0.000000
v 0.000000 0.000000 0.000000
v 0.000000 0.000000 0.000000
v 0.000000 0.000000 0.000000
v 0.000000 0.000000 0.000000
v 0.000000 0.000000 0.000000
v 0.000000 0.000000 0.000000
v 0.000000 0.000000 0.000000
v 0.000000 0.000000 0.000000
v 0.000000 0.000000 0.000000
v 0.000000 0.000000 0.000000
v 0.000000 0.000000 0.000000
v 0.000000 0.000000 0.000000
v 0.000000 0.000000 0.000000
v 0.000000 0.000000 0.000000
v 0.000000 0.000000 0.000000
v 0.000000 0.000000 0.000000
v 0.000000 0.000000 0.000000
v 0.000000 0.000000 0.000000
v 0.000000 0.000000 0.000000
v 0.000000 0.000000 0.000000
v 0.000000 0.000000 0.000000
v 0.000000 0.000000 0.000000
v 0.000000 0.000000 0.000000
v 0.000000 0.000000 0.000000
v 0.000000 0.000000 0.000000
v 0.000000 0.000000 0.000000
v 0.000000 0.000000 0.000000
v 0.000000 0.000000 0.000000
v 0.000000 0.000000 0.000000
v 0.000000 0.000000 0.000000
v 0.000000 0.000000 0.000000
v 0.000000 0.000000 0.000000
v 0.000000 0.000000 0.000000
v 0.000000 0.000000 0.000000
v 0.000000 0.000000 0.000000
v 0.000000 0.000000 0.000000
v 0.000000 0.000000 0.000000
v 0.000000 0.000000 0.000000
v 0.000000 0.000000 0.000000
v 0.000000 0.000000 0.000000
v 0.000000 0.000000 0.000000
v 0.000000 0.000000 0.000000
v 0.000000 0.000000 0.000000
v 0.000000 0.000000 0.000000
v 0.000000 0.027053 0.000000
v 0.000000 0.000000 0.000000
v 0.000000 0.000000 0.000000
v 0.000000 0.045089 -0.009017
v 0.000000 0.000000 0.000000
v 0.000000 0.000000 0.000000
v 0.000000 0.000000 0.000000
v 0.000000 -0.035574 0.000000
v 0.000000 -0.035573 0.000000
v 0.000000 -0.035574 0.000000
v 0.000000 -0.100055 -0.081800
v 0.000000 -0.066457 -0.068564
v 0.000000 -0.013191 -0.026809
v 0.000000 -0.085340 -0.065400
v 0.000000 -0.149054 -0.089885
v 0.000000 -0.168561 -0.055269
v 0.000000 -0.191781 -0.058501
v 0.000000 -0.173542 -0.096459
v 0.000000 -0.173542 -0.096459
v 0.000000 -0.100055 -0.081800
v 0.000000 -0.035574 0.000000
v 0.000000 -0.035573 0.000000
v 0.000000 -0.035574 0.000000
v 0.000000 0.000000 0.000000
v 0.000000 0.000000 0.000000
v 0.000000 0.000000 0.000000
v 0.000000 0.000000 0.000000
v 0.000000 0.000000 0.000000
v 0.000000 0.000000 0.000000
v 0.000000 0.000000 0.000000
v 0.000000 0.000000 0.000000
v 0.000000 0.000000 0.000000
v 0.000000 0.000000 0.000000
v 0.000000 0.000000 0.000000
v 0.000000 0.000000 0.000000
v 0.000000 0.000000 0.000000
v 0.000000 0.000000 0.000000
v 0.000000 0.000000 0.000000
v 0.000000 0.000000 0.000000
v 0.000000 0.000000 0.000000
v 0.000000 0.045089 -0.009017
v 0.000000 0.027053 0.000000
v 0.000000 0.000000 0.000000
v 0.000000 -0.013191 -0.026809
v 0.000000 -0.066457 -0.068564
v 0.000000 -0.149054 -0.089885
v 0.000000 -0.085340 -0.065400
v 0.000000 -0.104469 -0.047693
v 0.000000 -0.168561 -0.055269
v 0.000000 -0.191781 -0.058501
v 0.000000 0.031224 -0.021830
v 0.000000 0.032533 -0.009186
v 0.000000 0.066918 -0.017563
v 0.000000 0.072929 -0.042052
v 0.000000 0.077847 -0.050415
v 0.000000 0.074958 -0.013803
v 0.000000 0.074958 -0.013803
v 0.000000 0.077847 -0.050415
v 0.000000 0.072929 -0.042052
v 0.000000 0.066918 -0.017563
v 0.000000 0.032533 -0.009186
v 0.000000 0.031224 -0.021830
v 0.000000 0.000000 0.000000
v 0.000000 0.000000 0.000000
v 0.000000 0.000000 0.000000
v 0.000000 0.000000 0.000000
v 0.000000 0.000000 0.000000
v 0.000000 0.000000 0.000000
v 0.000000 0.000000 0.000000
v 0.000000 0.000000 0.000000
v 0.000000 0.000000 0.000000
v 0.000000 0.000000 0.000000
v 0.000000 0.000000 0.000000
v 0.000000 0.000000 0.000000
v 0.000000 0.000000 0.000000
v 0.000000 0.000000 0.000000
v 0.000000 0.000000 0.000000
v 0.000000 0.000000 0.000000
v 0.000000 0.000000 0.000000
v 0.000000 0.000000 0.000000
v 0.000000 0.000000 0.000000
v 0.000000 0.000000 0.000000
v 0.000000 0.000000 0.000000
v 0.000000 0.000000 0.000000
v 0.000000 0.000000 0.000000
v 0.000000 0.000000 0.000000
v 0.000000 0.000000 0.000000
v 0.000000 0.000000 0.000000
v 0.000000 0.000000 0.000000
v 0.000000 0.000000 0.000000
v 0.000000 0.000000 0.000000
v 0.000000 0.000000 0.000000
v 0.000000 0.000000 0.000000
v 0.000000 0.000000 0.000000
v 0.000000 0.000000 0.000000
v 0.000000 0.000000 0.000000
v 0.000000 0.000000 0.000000
v 0.000000 0.000000 0.000000
v 0.000000 0.000000 0.000000
v 0.000000 0.000000 0.000000
v 0.000000 0.000000 0.000000
v 0.000000 0.000000 0.000000
v 0.000000 0.000000 0.000000
v 0.000000 0.000000 0.000000
v 0.000000 0.000000 0.000000
v 0.000000 -0.104469 -0.047693
v 0.000000 0.000000 0.000000
v 0.000000 0.000000 0.000000
v 0.000000 0.000000 0.000000
v 0.000000 0.000000 0.000000
v 0.000000 0.000000 0.000000
v 0.000000 0.000000 0.000000
v 0.000000 0.000000 0.000000
v 0.000000 0.000000 0.000000
v 0.000000 0.000000 0.000000
v 0.000000 0.000000 0.000000
v 0.000000 0.000000 0.000000
v 0.000000 0.000000 0.000000
v 0.000000 0.000000 0.000000
v 0.000000 0.000000 0.000000
v 0.000000 0.000000 0.000000
v 0.000000 0.000000 0.000000
v 0.000000 0.000000 0.000000
v 0.000000 0.000000 0.000000
v 0.000000 0.000000 0.000000
