v 0.000000 0.000000 0.000000
v 0.000000 0.000000 0.000000
v 0.000000 0.000000 0.000000
v 0.000000 0.000000 0.000000
v 0.000000 0.000000 0.000000
v 0.000000 0.000000 0.000000
v 0.000000 0.000000 0.000000
v 0.000000 0.000000 0.000000
v 0.000000 0.000000 0.000000
v 0.000000 0.000000 0.000000
v 0.000000 0.000000 0.000000
v 0.036074 -0.495794 -0.121390
v -0.036074 -0.495794 -0.121390
v 0.014948 -0.582062 -0.131311
v -0.014948 -0.582062 -0.131311
v 0.000000 -0.586893 -0.142256
v 0.055079 -0.044650 -0.001412
v -0.055079 -0.044650 -0.001412
v 0.000000 0.048719 -0.004957
v 0.000000 0.048719 -0.004957
v 0.000000 0.055766 -0.004101
v 0.000000 0.000000 0.000000
v 0.000000 0.000000 0.000000
v 0.000000 0.000000 0.000000
v 0.000000 0.000000 0.000000
v 0.000000 0.000000 0.000000
v 0.000000 0.000000 0.000000
v 0.000000 0.000000 0.000000
v 0.000000 0.000000 0.000000
v 0.000000 0.000000 0.000000
v 0.000000 0.000000 0.000000
v 0.000000 0.000000 0.000000
v 0.000000 0.000000 0.000000
v 0.000000 0.000000 0.000000
v 0.000000 0.000000 0.000000
v 0.000000 0.000000 0.000000
v 0.000000 0.000000 0.000000
v 0.000000 0.000000 0.000000
v 0.000000 0.000000 0.000000
v 0.000000 0.000000 0.000000
v 0.000000 0.000000 0.000000
v 0.000000 0.000000 0.000000
v 0.000000 0.000000 0.000000
v 0.000000 0.000000 0.000000
v 0.000000 0.084502 -0.024090
v 0.000000 -0.656773 -0.221889
v 0.000000 -0.597005 -0.271645
v 0.000000 -0.428859 -0.300800
v 0.000000 -0.350152 -0.396918
v 0.000000 0.000000 0.000000
v 0.000000 0.000000 0.000000
v 0.000000 0.000000 0.000000
v 0.000000 0.000000 0.000000
v 0.000000 0.000000 0.000000
v 0.000000 0.000000 0.000000
v 0.000000 0.000000 0.000000
v 0.000000 0.000000 0.000000
v 0.000000 0.000000 0.000000
v 0.000000 0.000000 0.000000
v 0.000000 0.000000 0.000000
v 0.000000 0.000000 0.000000
v 0.000000 0.000000 0.000000
v 0.000000 0.000000 0.000000
v 0.000000 0.089483 -0.032115
v 0.000000 0.089483 -0.032115
v -0.017183 -0.631209 -0.208836
v 0.017183 -0.631209 -0.208836
v -0.022273 -0.572771 -0.258674
v 0.022273 -0.572771 -0.258674
v 0.000000 -0.390230 -0.282068
v 0.000000 -0.390230 -0.282068
v 0.000000 -0.297743 -0.383512
v 0.000000 -0.297743 -0.383512
v 0.000000 0.000000 0.000000
v 0.000000 0.000000 0.000000
v 0.000000 0.000000 0.000000
v 0.000000 0.000000 0.000000
v 0.000000 0.000000 0.000000
v 0.000000 0.000000 0.000000
v 0.000000 0.000000 0.000000
v 0.000000 0.000000 0.000000
v 0.000000 0.000000 0.000000
v 0.000000 0.000000 0.000000
v 0.000000 0.000000 0.000000
v 0.000000 0.000000 0.000000
v 0.000000 0.000000 0.000000
v 0.000000 0.000000 0.000000
v 0.000000 0.000000 0.000000
v 0.000000 0.000000 0.000000
v 0.000000 0.000000 0.000000
v 0.000000 0.000000 0.000000
v 0.000000 0.000000 0.000000
v 0.000000 0.000000 0.000000
v 0.000000 0.000000 0.000000
v 0.000000 0.000000 0.000000
v 0.000000 0.000000 0.000000
v 0.000000 0.000000 0.000000
v -0.030439 -0.062172 0.005665
v 0.030552 -0.062172 0.005665
v -0.061037 -0.036238 -0.022678
v 0.061037 -0.036238 -0.022678
v -0.117057 -0.256051 -0.017149
v 0.117057 -0.256051 -0.017149
v 0.000000 -0.238113 -0.034600
v 0.000000 -0.238113 -0.034600
v -0.037447 -0.525212 -0.182950
v 0.037447 -0.525212 -0.182950
v -0.044890 -0.455318 -0.188207
v 0.044890 -0.455318 -0.188207
v 0.000000 -0.234926 -0.191020
v 0.000000 -0.234926 -0.191020
v 0.000000 -0.125245 -0.310011
v 0.000000 -0.125245 -0.310011
v 0.000000 0.000000 0.000000
v 0.000000 0.000000 0.000000
v 0.000000 0.000000 0.000000
v 0.000000 0.000000 0.000000
v 0.000000 -0.101066 -0.042686
v 0.000000 -0.101066 -0.042686
v 0.000000 0.011468 -0.202034
v 0.000000 0.011468 -0.202034
v 0.000000 0.000000 0.000000
v 0.000000 0.000000 0.000000
v 0.000000 0.000000 0.000000
v 0.000000 0.000000 0.000000
v 0.000000 0.000000 0.000000
v 0.000000 0.000000 0.000000
v 0.000000 0.000000 0.000000
v 0.000000 0.000000 0.000000
v 0.000000 0.092648 -0.029119
v 0.000000 0.092648 -0.029119
v 0.000000 0.000000 0.000000
v 0.000000 0.000000 0.000000
v 0.000000 0.000000 0.000000
v 0.000000 0.000000 0.000000
v 0.000000 0.000000 0.000000
v 0.000000 0.000000 0.000000
v 0.000000 0.000000 0.000000
v 0.000000 0.000000 0.000000
v 0.000000 0.000000 0.000000
v 0.000000 0.000000 0.000000
v 0.000000 0.000000 0.000000
v 0.000000 0.000000 0.000000
v 0.000000 -0.117251 -0.010988
v 0.000000 -0.117251 -0.010988
v 0.000000 0.000000 0.000000
v 0.000000 0.000000 0.000000
v 0.000000 0.000000 0.000000
v 0.000000 0.000000 0.000000
v 0.000000 0.000000 0.000000
v 0.000000 0.000000 0.000000
v 0.000000 0.000000 0.000000
v 0.000000 0.000000 0.000000
v 0.000000 0.000000 0.000000
v 0.000000 0.000000 0.000000
v 0.000000 0.000000 0.000000
v 0.000000 0.000000 0.000000
v 0.000000 0.000000 0.000000
v 0.000000 0.000000 0.000000
v 0.000000 0.000000 0.000000
v 0.000000 0.000000 0.000000
v 0.000000 0.000000 0.000000
v 0.000000 0.000000 0.000000
v 0.000000 0.000000 0.000000
v 0.000000 0.000000 0.000000
v 0.000000 0.000000 0.000000
v 0.000000 0.000000 0.000000
v 0.000000 0.000000 0.000000
v 0.000000 0.000000 0.000000
v 0.000000 0.000000 0.000000
v 0.000000 0.000000 0.000000
v 0.000000 0.000000 0.000000
v 0.000000 0.000000 0.000000
v 0.000000 0.000000 0.000000
v 0.000000 0.000000 0.000000
v 0.000000 0.000000 0.000000
v 0.000000 0.000000 0.000000
v 0.000000 0.000000 0.000000
v 0.000000 0.000000 0.000000
v 0.000000 0.000000 0.000000
v 0.000000 0.000000 0.000000
v 0.000000 0.000000 0.000000
v 0.000000 0.000000 0.000000
v 0.000000 0.000000 0.000000
v 0.000000 0.000000 0.000000
v 0.000000 0.000000 0.000000
v 0.000000 0.000000 0.000000
v 0.000000 0.000000 0.000000
v 0.000000 0.000000 0.000000
v 0.000000 0.000000 0.000000
v 0.000000 0.000000 0.000000
v 0.000000 0.000000 0.000000
v 0.000000 0.000000 0.000000
v 0.000000 0.000000 0.000000
v 0.000000 0.000000 0.000000
v 0.000000 0.000000 0.000000
v 0.000000 0.000000 0.000000
v 0.000000 0.000000 0.000000
v 0.000000 0.000000 0.000000
v 0.000000 0.000000 0.000000
v 0.000000 0.000000 0.000000
v 0.024247 -0.554962 -0.128806
v 0.051493 -0.392955 -0.100052
v 0.035360 -0.554814 -0.162681
v -0.024247 -0.554962 -0.128806
v -0.051493 -0.392955 -0.100052
v -0.035360 -0.554814 -0.162681
v 0.007108 -0.588694 -0.137924
v 0.016041 -0.643431 -0.177065
v -0.007108 -0.588694 -0.137924
v -0.016041 -0.643431 -0.177065
v 0.000000 -0.639394 -0.182996
v 0.000000 0.043855 -0.003316
v 0.055410 -0.034415 -0.013318
v 0.102573 -0.135109 0.051921
v 0.000000 0.043855 -0.003316
v -0.055410 -0.034415 -0.013318
v -0.102573 -0.135109 0.051921
v 0.000000 0.053440 -0.004702
v 0.000000 0.074841 -0.018774
v 0.000000 0.053440 -0.004702
v 0.000000 0.074841 -0.018774
v 0.000000 0.073065 -0.009771
v 0.000000 0.000000 0.000000
v 0.000000 0.000000 0.000000
v 0.000000 0.000000 0.000000
v 0.000000 0.000000 0.000000
v 0.000000 0.000000 0.000000
v 0.000000 0.000000 0.000000
v 0.000000 0.000000 0.000000
v 0.000000 0.000000 0.000000
v 0.000000 0.000000 0.000000
v 0.000000 0.000000 0.000000
v 0.000000 0.000000 0.000000
v 0.000000 0.000000 0.000000
v 0.000000 0.000000 0.000000
v 0.000000 0.000000 0.000000
v 0.000000 0.000000 0.000000
v 0.000000 0.000000 0.000000
v 0.000000 0.000000 0.000000
v 0.000000 0.000000 0.000000
v 0.000000 0.000000 0.000000
v 0.000000 0.000000 0.000000
v 0.000000 0.000000 0.000000
v 0.000000 0.000000 0.000000
v 0.000000 0.000000 0.000000
v 0.000000 0.000000 0.000000
v 0.000000 0.000000 0.000000
v 0.000000 0.000000 0.000000
v 0.000000 0.000000 0.000000
v 0.000000 0.000000 0.000000
v 0.000000 0.000000 0.000000
v 0.000000 0.000000 0.000000
v 0.000000 0.083693 -0.049592
v 0.000000 0.000000 0.000000
v 0.000000 0.000000 0.000000
v 0.000000 0.000000 0.000000
v 0.000000 0.083693 -0.049592
v 0.000000 0.000000 0.000000
v 0.000000 0.000000 0.000000
v 0.000000 0.000000 0.000000
v 0.000000 0.000000 0.000000
v 0.000000 0.000000 0.000000
v 0.000000 0.000000 0.000000
v 0.000000 0.000000 0.000000
v 0.000000 0.000000 0.000000
v 0.000000 0.000000 0.000000
v 0.000000 0.000000 0.000000
v 0.000000 0.000000 0.000000
v 0.000000 0.000000 0.000000
v 0.000000 0.000000 0.000000
v 0.000000 0.000000 0.000000
v 0.000000 0.000000 0.000000
v 0.000000 0.000000 0.000000
v 0.000000 0.000000 0.000000
v 0.000000 0.000000 0.000000
v 0.000000 0.000000 0.000000
v 0.000000 0.000000 0.000000
v 0.000000 0.000000 0.000000
v 0.000000 0.000000 0.000000
v 0.000000 0.000000 0.000000
v 0.000000 0.000000 0.000000
v 0.000000 0.000000 0.000000
v 0.000000 0.000000 0.000000
v 0.000000 0.000000 0.000000
v 0.000000 0.088435 -0.025949
v 0.000000 0.088435 -0.025949
v 0.000000 -0.639687 -0.280343
v -0.008474 -0.651962 -0.217288
v 0.008474 -0.651962 -0.217288
v 0.000000 -0.538729 -0.337192
v -0.011321 -0.589563 -0.268166
v 0.011321 -0.589563 -0.268166
v 0.000000 -0.395693 -0.348453
v 0.000000 -0.422480 -0.299100
v 0.000000 -0.422480 -0.299100
v 0.000000 -0.339209 -0.395563
v 0.000000 -0.339209 -0.395563
v 0.000000 0.000000 0.000000
v 0.000000 0.000000 0.000000
v 0.000000 0.000000 0.000000
v 0.000000 0.000000 0.000000
v 0.000000 0.000000 0.000000
v 0.000000 0.000000 0.000000
v 0.000000 0.000000 0.000000
v 0.000000 0.000000 0.000000
v 0.000000 0.000000 0.000000
v 0.000000 0.000000 0.000000
v 0.000000 0.000000 0.000000
v 0.000000 0.000000 0.000000
v 0.000000 0.000000 0.000000
v 0.000000 0.000000 0.000000
v 0.000000 0.000000 0.000000
v 0.000000 0.000000 0.000000
v 0.000000 0.000000 0.000000
v 0.000000 0.000000 0.000000
v 0.000000 0.000000 0.000000
v 0.000000 0.000000 0.000000
v 0.000000 0.000000 0.000000
v 0.000000 0.000000 0.000000
v 0.000000 0.000000 0.000000
v 0.000000 0.000000 0.000000
v 0.000000 0.000000 0.000000
v 0.000000 0.000000 0.000000
v 0.000000 0.000000 0.000000
v 0.000000 0.000000 0.000000
v 0.000000 0.000000 0.000000
v 0.000000 0.000000 0.000000
v 0.000000 0.000000 0.000000
v 0.000000 0.000000 0.000000
v 0.000000 0.000000 0.000000
v 0.000000 0.000000 0.000000
v 0.000000 0.086056 -0.047499
v 0.000000 0.000000 0.000000
v 0.000000 0.000000 0.000000
v 0.000000 0.000000 0.000000
v 0.000000 0.086056 -0.047499
v 0.000000 0.000000 0.000000
v 0.000000 0.000000 0.000000
v 0.000000 0.000000 0.000000
v 0.000000 0.079953 -0.030809
v 0.000000 0.079953 -0.030809
v -0.018370 -0.613846 -0.266418
v -0.026308 -0.595243 -0.201799
v 0.018370 -0.613846 -0.266418
v 0.026308 -0.595243 -0.201799
v 0.000000 -0.501812 -0.319613
v -0.032848 -0.528317 -0.236440
v 0.000000 -0.501812 -0.319613
v 0.032848 -0.528317 -0.236440
v 0.000000 -0.350621 -0.332330
v 0.000000 -0.327260 -0.245873
v 0.000000 -0.350621 -0.332330
v 0.000000 -0.327260 -0.245873
v 0.000000 -0.217117 -0.352776
v 0.000000 -0.217117 -0.352776
v 0.000000 0.000000 0.000000
v 0.000000 0.000000 0.000000
v 0.000000 0.000000 0.000000
v 0.000000 0.000000 0.000000
v 0.000000 0.000000 0.000000
v 0.000000 0.000000 0.000000
v 0.000000 0.000000 0.000000
v 0.000000 0.000000 0.000000
v 0.000000 0.000000 0.000000
v 0.000000 0.000000 0.000000
v 0.000000 0.000000 0.000000
v 0.000000 0.000000 0.000000
v 0.000000 0.000000 0.000000
v 0.000000 0.000000 0.000000
v 0.000000 0.000000 0.000000
v 0.000000 0.000000 0.000000
v 0.000000 0.000000 0.000000
v 0.000000 0.000000 0.000000
v 0.000000 0.000000 0.000000
v 0.000000 0.000000 0.000000
v 0.000000 0.000000 0.000000
v 0.000000 0.000000 0.000000
v 0.000000 0.000000 0.000000
v 0.000000 0.000000 0.000000
v 0.000000 0.000000 0.000000
v 0.000000 0.000000 0.000000
v 0.000000 0.000000 0.000000
v 0.000000 0.000000 0.000000
v 0.000000 0.000000 0.000000
v 0.000000 0.000000 0.000000
v 0.000000 0.000000 0.000000
v 0.000000 0.000000 0.000000
v 0.000000 0.000000 0.000000
v 0.000000 0.000000 0.000000
v 0.000000 0.000000 0.000000
v 0.000000 0.000000 0.000000
v 0.000000 0.000000 0.000000
v 0.000000 0.000000 0.000000
v 0.000000 0.000000 0.000000
v 0.000000 0.000000 0.000000
v 0.000000 0.000000 0.000000
v 0.000000 0.000000 0.000000
v 0.000000 0.000000 0.000000
v 0.000000 0.000000 0.000000
v 0.000000 0.000000 0.000000
v 0.000000 0.000000 0.000000
v 0.000000 -0.016652 0.000000
v 0.000000 0.000000 0.000000
v 0.000000 0.000000 0.000000
v 0.000000 -0.016652 0.000000
v 0.000000 0.000000 0.000000
v 0.000000 0.000000 0.000000
v -0.066372 -0.046547 -0.032083
v -0.036293 -0.051207 0.005665
v -0.035262 -0.063674 0.005665
v 0.066372 -0.046547 -0.032083
v 0.036407 -0.051207 0.005665
v 0.035376 -0.063674 0.005665
v -0.075684 -0.056215 -0.014462
v 0.075684 -0.056215 -0.014462
v 0.000000 -0.270148 -0.051557
v -0.049431 -0.429081 -0.146529
v -0.057104 -0.374209 -0.112966
v 0.000000 -0.270148 -0.051557
v 0.049431 -0.429081 -0.146529
v 0.057104 -0.374209 -0.112966
v 0.000000 -0.219825 -0.114929
v 0.000000 -0.179857 -0.041882
v -0.049228 -0.127635 -0.010988
v 0.000000 -0.219825 -0.114929
v 0.000000 -0.179857 -0.041882
v 0.049342 -0.127635 -0.010988
v -0.036796 -0.531391 -0.232393
v 0.036796 -0.531391 -0.232393
v 0.000000 -0.360973 -0.224264
v 0.000000 -0.360973 -0.224264
v 0.000000 -0.186256 -0.255229
v 0.000000 -0.119878 -0.186759
v 0.000000 -0.186256 -0.255229
v 0.000000 -0.119878 -0.186759
v 0.000000 -0.050040 -0.261874
v 0.000000 -0.050040 -0.261874
v 0.000000 0.000000 0.000000
v 0.000000 0.000000 0.000000
v 0.000000 0.000000 0.000000
v 0.000000 0.000000 0.000000
v 0.000000 0.000000 0.000000
v 0.000000 0.000000 0.000000
v 0.000000 0.000000 0.000000
v 0.000000 0.000000 0.000000
v 0.000000 0.000000 0.000000
v 0.000000 0.000000 0.000000
v 0.000000 -0.065293 -0.122695
v 0.000000 -0.015307 -0.030905
v 0.000000 -0.065293 -0.122695
v 0.000000 -0.015307 -0.030905
v 0.000000 0.062250 -0.124157
v 0.000000 0.062250 -0.124157
v 0.000000 0.000000 0.000000
v 0.000000 0.000000 0.000000
v 0.000000 0.000000 0.000000
v 0.000000 0.000000 0.000000
v 0.000000 0.000000 0.000000
v 0.000000 0.000000 0.000000
v 0.000000 0.000000 0.000000
v 0.000000 0.000000 0.000000
v 0.000000 0.000000 0.000000
v 0.000000 0.000000 0.000000
v 0.000000 0.000000 0.000000
v 0.000000 0.000000 0.000000
v 0.000000 0.000000 0.000000
v 0.000000 0.000000 0.000000
v 0.000000 0.000000 0.000000
v 0.000000 0.000000 0.000000
v 0.000000 0.000000 0.000000
v 0.000000 0.000000 0.000000
v 0.000000 0.000000 0.000000
v 0.000000 0.000000 0.000000
v 0.000000 0.000000 0.000000
v 0.000000 0.000000 0.000000
v 0.000000 0.000000 0.000000
v 0.000000 0.000000 0.000000
v 0.000000 0.000000 0.000000
v 0.000000 0.000000 0.000000
v 0.000000 -0.024979 0.000000
v 0.000000 -0.024979 0.000000
v 0.000000 0.000000 0.000000
v 0.000000 0.000000 0.000000
v 0.000000 0.000000 0.000000
v 0.000000 0.000000 0.000000
v 0.000000 0.000000 0.000000
v 0.000000 0.000000 0.000000
v 0.000000 0.000000 0.000000
v 0.000000 0.000000 0.000000
v 0.000000 0.000000 0.000000
v 0.000000 0.000000 0.000000
v 0.000000 0.000000 0.000000
v 0.000000 0.000000 0.000000
v 0.000000 0.000000 0.000000
v 0.000000 0.000000 0.000000
v 0.000000 0.000000 0.000000
v 0.000000 0.000000 0.000000
v 0.000000 0.000000 0.000000
v 0.000000 0.000000 0.000000
v 0.000000 0.000000 0.000000
v 0.000000 0.000000 0.000000
v 0.000000 0.000000 0.000000
v 0.000000 0.000000 0.000000
v 0.000000 0.000000 0.000000
v 0.000000 0.000000 0.000000
v 0.000000 0.000000 0.000000
v 0.000000 0.000000 0.000000
v 0.000000 0.000000 0.000000
v 0.000000 0.000000 0.000000
v 0.000000 0.000000 0.000000
v 0.000000 0.000000 0.000000
v 0.000000 0.000000 0.000000
v 0.000000 0.000000 0.000000
v 0.000000 0.000000 0.000000
v 0.000000 0.000000 0.000000
v 0.000000 0.000000 0.000000
v 0.000000 0.000000 0.000000
v 0.000000 0.000000 0.000000
v 0.000000 0.000000 0.000000
v 0.000000 0.000000 0.000000
v 0.000000 0.000000 0.000000
v 0.000000 0.000000 0.000000
v 0.000000 0.000000 0.000000
v 0.000000 0.000000 0.000000
v 0.000000 0.000000 0.000000
v 0.000000 0.000000 0.000000
v 0.000000 0.000000 0.000000
v 0.000000 0.000000 0.000000
v 0.000000 0.000000 0.000000
v 0.000000 0.000000 0.000000
v 0.000000 0.000000 0.000000
v 0.000000 0.000000 0.000000
v 0.000000 0.000000 0.000000
v 0.000000 0.000000 0.000000
v 0.000000 0.000000 0.000000
v 0.000000 0.000000 0.000000
v 0.000000 0.000000 0.000000
v 0.000000 0.000000 0.000000
v 0.000000 0.000000 0.000000
v 0.000000 0.000000 0.000000
v 0.000000 0.000000 0.000000
v 0.000000 0.000000 0.000000
v 0.000000 0.000000 0.000000
v 0.000000 0.000000 0.000000
v 0.000000 0.000000 0.000000
v 0.000000 0.000000 0.000000
v 0.000000 0.000000 0.000000
v -0.042964 -0.050554 0.005665
v 0.000000 -0.066609 -0.016652
v 0.000000 0.000000 0.000000
v 0.000000 0.000000 0.000000
v 0.000000 0.000000 0.000000
v 0.000000 -0.142702 -0.122607
v 0.000000 -0.113431 -0.234281
v 0.000000 -0.274470 -0.294843
v 0.000000 -0.387256 -0.346899
v 0.000000 -0.532111 -0.334832
v 0.000000 -0.437379 -0.283395
v 0.000000 -0.294751 -0.140301
v -0.047125 -0.452835 -0.186463
v -0.027386 -0.582505 -0.255474
v -0.025267 -0.609894 -0.172373
v -0.007779 -0.658644 -0.185367
v -0.009218 -0.633089 -0.275938
v 0.009218 -0.633089 -0.275938
v 0.000000 -0.532111 -0.334832
v 0.000000 -0.387256 -0.346899
v 0.000000 -0.274470 -0.294843
v 0.000000 -0.113431 -0.234281
v 0.000000 -0.142702 -0.122607
v 0.000000 -0.002699 -0.101358
v 0.000000 0.000000 0.000000
v 0.000000 0.000000 0.000000
v 0.000000 0.000000 0.000000
v 0.000000 0.000000 0.000000
v 0.000000 0.000000 0.000000
v 0.000000 0.000000 0.000000
v 0.000000 0.000000 0.000000
v 0.000000 0.000000 0.000000
v 0.000000 0.000000 0.000000
v 0.000000 0.000000 0.000000
v 0.000000 0.000000 0.000000
v 0.000000 0.000000 0.000000
v 0.000000 0.000000 0.000000
v 0.000000 0.000000 0.000000
v 0.000000 -0.066609 -0.016652
v 0.000000 0.000000 0.000000
v 0.000000 0.000000 0.000000
v 0.043077 -0.050554 0.005665
v 0.000000 -0.294751 -0.140301
v 0.000000 -0.437379 -0.283395
v 0.027386 -0.582505 -0.255474
v 0.047125 -0.452835 -0.186463
v 0.046220 -0.474980 -0.139382
v 0.025267 -0.609894 -0.172373
v 0.007779 -0.658644 -0.185367
v 0.078141 -0.060458 -0.021830
v 0.069676 -0.050895 -0.009186
v 0.000000 0.066918 -0.017563
v 0.000000 0.072929 -0.042052
v 0.000000 0.077847 -0.050415
v 0.000000 0.074958 -0.013803
v 0.000000 0.074958 -0.013803
v 0.000000 0.077847 -0.050415
v 0.000000 0.072929 -0.042052
v 0.000000 0.066918 -0.017563
v -0.069676 -0.050895 -0.009186
v -0.078141 -0.060458 -0.021830
v 0.000000 0.000000 0.000000
v 0.000000 0.000000 0.000000
v 0.000000 0.000000 0.000000
v 0.000000 0.000000 0.000000
v 0.000000 0.000000 0.000000
v 0.000000 0.000000 0.000000
v 0.000000 0.000000 0.000000
v 0.000000 0.000000 0.000000
v 0.000000 0.000000 0.000000
v 0.000000 0.000000 0.000000
v 0.000000 0.000000 0.000000
v 0.000000 0.000000 0.000000
v 0.000000 0.000000 0.000000
v 0.000000 0.000000 0.000000
v 0.000000 0.000000 0.000000
v 0.000000 0.000000 0.000000
v 0.000000 0.000000 0.000000
v 0.000000 0.000000 0.000000
v 0.000000 0.000000 0.000000
v 0.000000 0.000000 0.000000
v 0.000000 0.000000 0.000000
v 0.000000 0.000000 0.000000
v 0.000000 0.000000 0.000000
v 0.000000 0.000000 0.000000
v 0.000000 0.000000 0.000000
v 0.000000 0.000000 0.000000
v 0.000000 0.000000 0.000000
v 0.000000 0.000000 0.000000
v 0.000000 0.000000 0.000000
v 0.000000 0.000000 0.000000
v 0.000000 0.000000 0.000000
v 0.000000 0.000000 0.000000
v 0.000000 0.000000 0.000000
v 0.000000 0.000000 0.000000
v 0.000000 0.000000 0.000000
v 0.000000 0.000000 0.000000
v 0.000000 0.000000 0.000000
v 0.000000 0.000000 0.000000
v 0.000000 0.000000 0.000000
v 0.000000 0.000000 0.000000
v 0.000000 0.000000 0.000000
v 0.000000 0.000000 0.000000
v 0.000000 0.000000 0.000000
v -0.046220 -0.474980 -0.139382
v 0.000000 -0.002699 -0.101358
v 0.000000 0.000000 0.000000
v 0.000000 0.000000 0.000000
v 0.000000 0.000000 0.000000
v 0.000000 0.000000 0.000000
v 0.000000 0.000000 0.000000
v 0.000000 0.000000 0.000000
v 0.000000 0.000000 0.000000
v 0.000000 0.000000 0.000000
v 0.000000 0.000000 0.000000
v 0.000000 0.000000 0.000000
v 0.000000 0.000000 0.000000
v 0.000000 0.000000 0.000000
v 0.000000 0.000000 0.000000
v 0.000000 0.000000 0.000000
v 0.000000 0.000000 0.000000
v 0.000000 0.000000 0.000000
v 0.000000 0.000000 0.000000
v 0.000000 0.000000 0.000000
