v 0.000000 -0.354955 0.003949
v 0.000000 -0.532102 -0.184717
v 0.000000 -0.794588 -0.267479
v 0.000000 -0.865258 -0.289761
v 0.000000 -0.865258 -0.289761
v 0.000000 -0.794588 -0.267479
v 0.000000 -0.532102 -0.184717
v 0.000000 -0.354955 0.003949
v 0.000000 -0.355713 0.005137
v 0.000000 -0.362602 0.026987
v 0.000000 -0.368104 0.049274
v 0.000000 -0.369492 0.048836
v 0.000000 -0.361215 0.027424
v 0.000000 -0.355559 0.005186
v 0.000000 -0.097010 0.318438
v 0.000000 -0.027527 0.340346
v 0.000000 0.014010 0.353443
v 0.000000 0.014010 0.353443
v 0.000000 -0.027527 0.340346
v 0.000000 -0.097010 0.318438
