280
cheers 0.00 0.00 0.00 0.00 0.00 0.00 0.00 0.00 0.00 0.06 0.14 0.01 0.18 0.57 0.98 0.74 0.03 0.62 0.27 0.47 0.35 0.55 0.84 1.00 0.03 0.09 0.01 0.12 0.00 0.00 0.00 0.00 1 1 0 0 
cheers 0.00 0.00 0.00 0.00 0.00 0.00 0.00 0.00 0.00 0.04 0.07 0.00 0.18 0.54 1.00 0.54 0.02 0.48 0.25 0.61 0.34 0.49 0.66 0.67 0.02 0.05 0.05 0.12 0.00 0.00 0.00 0.00 1 1 0 0 
cheers 0.00 0.00 0.00 0.00 0.00 0.00 0.00 0.00 0.00 0.08 0.12 0.01 0.15 0.59 1.00 0.62 0.02 0.74 0.30 0.59 0.32 0.48 0.76 0.83 0.03 0.08 0.03 0.09 0.00 0.00 0.00 0.00 1 1 0 0 
cheers 0.00 0.00 0.00 0.00 0.00 0.00 0.00 0.00 0.01 0.07 0.23 0.01 0.14 0.64 1.00 0.48 0.02 0.44 0.32 0.40 0.37 0.49 0.70 0.71 0.01 0.08 0.02 0.06 0.00 0.00 0.00 0.00 1 1 0 0 
cheers 0.00 0.00 0.00 0.00 0.00 0.00 0.00 0.00 0.00 0.02 0.16 0.00 0.18 0.54 1.00 0.51 0.01 0.31 0.24 0.50 0.33 0.48 0.60 0.69 0.02 0.04 0.03 0.03 0.00 0.00 0.00 0.00 1 1 0 0 
cheers 0.00 0.00 0.00 0.00 0.00 0.00 0.00 0.00 0.00 0.02 0.18 0.00 0.27 0.76 1.00 0.79 0.01 0.41 0.20 0.91 0.48 0.68 0.84 0.87 0.01 0.02 0.00 0.20 0.00 0.00 0.00 0.00 1 1 0 0 
cheers 0.00 0.00 0.00 0.00 0.00 0.00 0.00 0.01 0.04 0.14 0.32 0.05 0.11 0.81 0.87 0.69 0.02 1.00 0.28 0.58 0.32 0.42 0.73 0.82 0.02 0.05 0.02 0.05 0.00 0.00 0.01 0.01 1 1 0 0 
cheers 0.00 0.00 0.00 0.00 0.00 0.00 0.00 0.00 0.04 0.12 0.52 0.04 0.16 0.77 0.82 0.62 0.02 0.41 0.30 0.81 0.45 0.61 0.80 1.00 0.02 0.03 0.03 0.04 0.00 0.00 0.00 0.00 1 1 0 0 
cheers 0.00 0.00 0.00 0.00 0.00 0.00 0.00 0.00 0.07 0.22 0.47 0.05 0.17 0.75 1.00 0.64 0.03 0.44 0.32 0.66 0.47 0.66 0.89 0.95 0.01 0.04 0.04 0.17 0.00 0.00 0.00 0.00 1 1 0 0 
cheers 0.00 0.00 0.00 0.00 0.00 0.00 0.00 0.00 0.01 0.07 0.38 0.03 0.19 0.88 1.00 0.65 0.02 0.34 0.35 0.85 0.45 0.65 0.81 0.80 0.01 0.04 0.01 0.03 0.00 0.00 0.00 0.00 1 1 0 0 
cheers 0.00 0.00 0.00 0.00 0.00 0.00 0.00 0.01 0.06 0.12 0.54 0.22 0.15 0.84 0.63 0.71 0.60 1.00 0.41 0.61 0.26 0.46 0.69 0.81 0.05 0.06 0.07 0.06 0.01 0.00 0.02 0.01 1 1 0 0 
cheers 0.00 0.00 0.00 0.00 0.00 0.01 0.00 0.01 0.11 0.36 0.70 0.48 0.28 0.92 0.78 0.62 0.42 0.85 0.33 0.85 0.46 0.60 1.00 0.77 0.00 0.05 0.03 0.05 0.00 0.00 0.02 0.01 1 1 0 0 
cheers 0.00 0.00 0.00 0.01 0.00 0.01 0.00 0.01 0.17 0.37 0.90 0.57 0.24 1.00 0.91 0.76 0.28 0.64 0.38 0.92 0.53 0.77 0.92 0.88 0.08 0.07 0.06 0.05 0.00 0.00 0.02 0.01 1 1 0 0 
cheers 0.00 0.00 0.00 0.00 0.00 0.01 0.00 0.01 0.15 0.40 0.75 0.44 0.25 1.00 0.94 0.73 0.31 0.70 0.45 0.85 0.56 0.76 0.95 0.89 0.06 0.13 0.03 0.10 0.00 0.00 0.02 0.01 1 1 0 0 
cheers 0.00 0.00 0.00 0.00 0.00 0.01 0.00 0.00 0.16 0.37 0.82 0.45 0.25 1.00 0.77 0.56 0.23 0.50 0.38 0.79 0.56 0.79 0.91 0.96 0.07 0.10 0.06 0.05 0.00 0.00 0.00 0.00 1 1 0 0 
cheers 0.00 0.00 0.00 0.00 0.00 0.01 0.00 0.00 0.11 0.31 0.69 0.34 0.24 0.99 0.89 0.68 0.20 0.46 0.33 0.78 0.56 0.80 0.86 1.00 0.11 0.09 0.04 0.07 0.00 0.00 0.00 0.00 1 1 0 0 
cheers 0.00 0.00 0.00 0.00 0.00 0.00 0.00 0.01 0.17 0.41 0.74 0.39 0.22 1.00 0.86 0.74 0.34 0.63 0.38 0.68 0.56 0.80 0.89 0.98 0.11 0.12 0.03 0.09 0.00 0.00 0.01 0.01 1 1 0 0 
cheers 0.00 0.00 0.00 0.01 0.00 0.01 0.00 0.01 0.07 0.20 0.62 0.29 0.21 0.81 0.71 0.42 0.21 0.44 0.35 0.51 0.41 0.62 0.78 1.00 0.06 0.11 0.05 0.13 0.00 0.00 0.02 0.02 1 1 0 0 
cheers 0.00 0.00 0.00 0.00 0.00 0.00 0.00 0.00 0.11 0.29 0.53 0.32 0.23 1.00 0.84 0.56 0.28 0.54 0.38 0.64 0.57 0.77 0.80 0.88 0.04 0.10 0.03 0.05 0.00 0.00 0.00 0.00 1 1 0 0 
cheers 0.00 0.00 0.00 0.01 0.00 0.00 0.00 0.01 0.07 0.18 0.50 0.33 0.26 1.00 0.97 0.51 0.19 0.46 0.45 0.65 0.54 0.83 0.81 0.95 0.13 0.07 0.07 0.09 0.00 0.00 0.02 0.02 1 1 0 0 
cheers 0.00 0.00 0.00 0.00 0.00 0.00 0.00 0.00 0.00 0.01 0.43 0.14 0.12 0.57 0.66 0.96 0.56 1.00 0.50 0.66 0.12 0.20 0.67 0.72 0.00 0.00 0.00 0.01 0.00 0.00 0.00 0.00 1 1 0 0 
cheers 0.00 0.00 0.00 0.00 0.00 0.00 0.00 0.00 0.00 0.00 0.02 0.00 0.18 0.72 1.00 0.55 0.02 0.71 0.51 0.78 0.33 0.48 0.68 0.62 0.00 0.00 0.01 0.01 0.00 0.00 0.00 0.00 1 1 0 0 
cheers 0.00 0.00 0.00 0.00 0.00 0.00 0.00 0.00 0.00 0.00 0.04 0.00 0.16 0.60 1.00 0.46 0.00 0.39 0.45 0.64 0.27 0.48 0.54 0.83 0.00 0.00 0.00 0.02 0.00 0.00 0.00 0.00 1 1 0 0 
cheers 0.00 0.00 0.00 0.00 0.00 0.00 0.00 0.00 0.00 0.01 0.08 0.00 0.11 0.69 1.00 0.51 0.02 0.47 0.54 0.55 0.23 0.45 0.51 0.53 0.00 0.01 0.01 0.05 0.00 0.00 0.00 0.00 1 1 0 0 
cheers 0.00 0.00 0.00 0.00 0.00 0.00 0.00 0.00 0.00 0.01 0.13 0.00 0.14 0.66 1.00 0.58 0.02 0.34 0.61 0.98 0.29 0.49 0.49 0.67 0.00 0.00 0.00 0.01 0.00 0.00 0.00 0.00 1 1 0 0 
cheers 0.00 0.00 0.00 0.00 0.00 0.00 0.00 0.00 0.00 0.02 0.10 0.00 0.17 0.68 1.00 0.59 0.00 0.29 0.57 0.72 0.39 0.57 0.50 0.54 0.00 0.00 0.00 0.01 0.00 0.00 0.00 0.00 1 1 0 0 
cheers 0.00 0.00 0.00 0.00 0.00 0.00 0.00 0.00 0.00 0.01 0.10 0.00 0.16 0.72 1.00 0.55 0.01 0.32 0.52 0.89 0.37 0.57 0.56 0.62 0.00 0.00 0.00 0.01 0.00 0.00 0.00 0.00 1 1 0 0 
cheers 0.00 0.00 0.00 0.00 0.00 0.00 0.00 0.00 0.00 0.02 0.11 0.00 0.14 0.70 1.00 0.53 0.01 0.38 0.46 0.74 0.31 0.51 0.50 0.76 0.00 0.01 0.01 0.08 0.00 0.00 0.00 0.00 1 1 0 0 
cheers 0.00 0.00 0.00 0.00 0.00 0.00 0.00 0.00 0.00 0.01 0.08 0.00 0.14 0.68 1.00 0.48 0.00 0.46 0.46 0.78 0.27 0.47 0.46 0.64 0.00 0.00 0.00 0.01 0.00 0.00 0.00 0.00 1 1 0 0 
cheers 0.00 0.00 0.00 0.00 0.00 0.00 0.00 0.00 0.00 0.00 0.10 0.00 0.16 0.64 1.00 0.53 0.00 0.35 0.45 0.79 0.31 0.48 0.51 0.63 0.00 0.00 0.00 0.08 0.00 0.00 0.00 0.00 1 1 0 0 
cheers 0.00 0.00 0.00 0.00 0.00 0.00 0.00 0.00 0.06 0.14 0.29 0.22 0.16 0.65 0.64 0.78 0.68 1.00 0.52 0.65 0.18 0.31 0.61 0.86 0.06 0.04 0.02 0.07 0.00 0.01 0.00 0.00 1 1 0 0 
cheers 0.00 0.00 0.00 0.00 0.00 0.01 0.00 0.00 0.21 0.40 0.56 0.39 0.26 0.84 0.78 0.35 0.26 0.45 0.30 0.65 0.54 0.71 0.79 1.00 0.16 0.10 0.07 0.08 0.00 0.00 0.00 0.00 1 1 0 0 
cheers 0.00 0.00 0.00 0.00 0.00 0.00 0.00 0.00 0.01 0.05 0.35 0.01 0.08 0.58 0.66 0.66 0.19 1.00 0.30 0.29 0.19 0.42 0.63 0.69 0.04 0.03 0.03 0.03 0.00 0.00 0.00 0.00 1 1 0 0 
cheers 0.00 0.00 0.00 0.00 0.00 0.00 0.00 0.00 0.01 0.11 0.48 0.03 0.13 0.65 1.00 0.90 0.09 0.31 0.57 0.53 0.33 0.48 0.65 0.69 0.03 0.11 0.03 0.06 0.00 0.00 0.00 0.00 1 1 0 0 
cheers 0.00 0.00 0.00 0.01 0.00 0.00 0.00 0.01 0.01 0.07 0.26 0.02 0.17 0.70 1.00 0.74 0.12 0.42 0.46 0.60 0.38 0.62 0.66 0.73 0.06 0.09 0.10 0.08 0.00 0.00 0.03 0.02 1 1 0 0 
handshaking 0.00 0.00 0.00 0.00 0.00 0.00 0.00 0.00 0.00 0.02 1.00 0.38 0.02 0.10 0.56 0.41 0.08 0.10 0.00 0.00 0.00 0.00 0.03 0.06 0.00 0.00 0.00 0.00 0.00 0.00 0.00 0.00 0 0 0 0 
handshaking 0.00 0.00 0.00 0.00 0.00 0.00 0.00 0.00 0.00 0.01 1.00 0.96 0.03 0.11 0.61 0.32 0.23 0.15 0.00 0.00 0.00 0.00 0.05 0.12 0.00 0.00 0.00 0.01 0.00 0.00 0.00 0.00 0 0 0 0 
handshaking 0.00 0.00 0.00 0.00 0.00 0.00 0.00 0.00 0.00 0.01 1.00 0.04 0.10 0.30 0.14 0.01 0.32 0.38 0.00 0.00 0.00 0.00 0.08 0.11 0.00 0.00 0.01 0.01 0.00 0.00 0.00 0.00 0 0 0 0 
handshaking 0.00 0.00 0.00 0.00 0.00 0.00 0.00 0.00 0.04 0.00 0.00 0.00 0.41 0.33 0.00 0.00 0.56 1.00 0.00 0.00 0.00 0.00 0.00 0.11 0.00 0.00 0.04 0.00 0.00 0.00 0.00 0.00 0 0 0 0 
handshaking 0.00 0.00 0.00 0.00 0.00 0.00 0.00 0.00 0.00 0.00 0.00 0.00 0.37 0.25 0.00 0.00 0.25 1.00 0.00 0.00 0.00 0.00 0.00 0.19 0.00 0.00 0.06 0.00 0.00 0.00 0.00 0.00 0 0 0 0 
handshaking 0.00 0.00 0.00 0.00 0.00 0.00 0.00 0.00 0.00 0.03 1.00 0.36 0.01 0.05 0.88 0.48 0.03 0.06 0.01 0.00 0.00 0.00 0.06 0.05 0.00 0.00 0.00 0.00 0.00 0.00 0.00 0.00 0 0 0 0 
handshaking 0.00 0.00 0.00 0.00 0.00 0.00 0.00 0.00 0.00 0.00 0.00 0.13 0.29 0.21 0.00 0.00 0.47 1.00 0.00 0.00 0.05 0.00 0.00 0.26 0.00 0.00 0.03 0.00 0.00 0.00 0.00 0.00 0 0 0 0 
handshaking 0.00 0.00 0.00 0.00 0.00 0.00 0.00 0.00 0.00 0.02 0.85 0.40 0.02 0.09 0.67 1.00 0.16 0.09 0.01 0.00 0.01 0.00 0.01 0.04 0.00 0.00 0.00 0.00 0.00 0.00 0.00 0.00 0 0 0 0 
handshaking 0.00 0.00 0.00 0.00 0.00 0.00 0.00 0.00 0.00 0.03 0.97 0.91 0.05 0.17 0.85 1.00 0.17 0.18 0.01 0.00 0.01 0.00 0.05 0.10 0.00 0.00 0.00 0.00 0.00 0.00 0.00 0.00 0 0 0 0 
handshaking 0.00 0.00 0.00 0.00 0.00 0.00 0.00 0.00 0.00 0.02 1.00 0.18 0.07 0.29 0.98 0.63 0.18 0.29 0.03 0.00 0.00 0.00 0.10 0.21 0.00 0.00 0.00 0.00 0.00 0.00 0.00 0.00 0 0 0 0 
handshaking 0.00 0.00 0.00 0.00 0.00 0.00 0.00 0.00 0.00 0.02 0.95 1.00 0.06 0.23 0.66 0.68 0.19 0.25 0.01 0.00 0.00 0.00 0.02 0.06 0.00 0.00 0.00 0.01 0.00 0.00 0.00 0.00 0 0 0 0 
handshaking 0.00 0.00 0.00 0.00 0.00 0.00 0.00 0.00 0.00 0.01 0.83 1.00 0.06 0.23 0.89 0.63 0.23 0.27 0.01 0.00 0.00 0.00 0.03 0.12 0.00 0.00 0.13 0.35 0.00 0.00 0.00 0.00 0 0 0 0 
handshaking 0.00 0.00 0.00 0.00 0.00 0.00 0.00 0.00 0.00 0.02 1.00 0.74 0.04 0.17 0.66 0.76 0.24 0.26 0.01 0.00 0.00 0.00 0.05 0.08 0.00 0.00 0.02 0.06 0.00 0.00 0.00 0.00 0 0 0 0 
handshaking 0.00 0.00 0.00 0.00 0.00 0.00 0.00 0.00 0.00 0.02 1.00 0.91 0.05 0.25 0.80 0.68 0.27 0.35 0.03 0.00 0.00 0.01 0.18 0.37 0.00 0.00 0.00 0.01 0.00 0.00 0.00 0.00 0 0 0 0 
handshaking 0.00 0.00 0.00 0.00 0.00 0.00 0.00 0.00 0.00 0.02 1.00 0.60 0.06 0.21 0.79 0.95 0.33 0.34 0.01 0.00 0.00 0.00 0.06 0.12 0.00 0.00 0.01 0.00 0.00 0.00 0.00 0.00 0 0 0 0 
handshaking 0.00 0.00 0.00 0.00 0.00 0.00 0.00 0.00 0.00 0.02 1.00 0.46 0.07 0.25 0.74 0.89 0.24 0.26 0.01 0.00 0.00 0.00 0.10 0.18 0.00 0.00 0.03 0.25 0.00 0.00 0.00 0.00 0 0 0 0 
handshaking 0.00 0.00 0.00 0.00 0.00 0.00 0.00 0.00 0.00 0.01 0.81 0.29 0.03 0.08 0.88 1.00 0.20 0.08 0.00 0.00 0.00 0.00 0.06 0.03 0.00 0.00 0.00 0.00 0.00 0.00 0.00 0.00 0 0 0 0 
handshaking 0.00 0.00 0.00 0.00 0.00 0.00 0.00 0.00 0.00 0.02 0.74 0.93 0.05 0.20 0.82 1.00 0.21 0.19 0.01 0.00 0.01 0.01 0.04 0.05 0.00 0.00 0.00 0.00 0.00 0.00 0.00 0.00 0 0 0 0 
handshaking 0.00 0.00 0.00 0.00 0.00 0.00 0.00 0.00 0.00 0.01 0.77 0.26 0.04 0.17 0.87 1.00 0.15 0.17 0.01 0.00 0.01 0.01 0.01 0.03 0.00 0.00 0.00 0.00 0.00 0.00 0.00 0.00 0 0 0 0 
handshaking 0.00 0.00 0.00 0.00 0.00 0.00 0.00 0.00 0.00 0.01 0.72 0.50 0.04 0.24 0.91 1.00 0.26 0.27 0.01 0.00 0.01 0.01 0.05 0.10 0.00 0.00 0.00 0.02 0.00 0.00 0.00 0.00 0 0 0 0 
handshaking 0.00 0.00 0.00 0.00 0.00 0.00 0.00 0.00 0.00 0.01 0.48 0.43 0.06 0.21 0.78 1.00 0.17 0.21 0.01 0.00 0.00 0.00 0.06 0.14 0.00 0.00 0.00 0.00 0.00 0.00 0.00 0.00 0 0 0 0 
handshaking 0.00 0.00 0.00 0.00 0.00 0.00 0.00 0.00 0.00 0.02 1.00 0.43 0.02 0.04 0.85 0.42 0.03 0.04 0.00 0.00 0.00 0.00 0.00 0.01 0.00 0.00 0.00 0.00 0.00 0.00 0.00 0.00 0 0 0 0 
handshaking 0.00 0.00 0.00 0.00 0.00 0.00 0.00 0.00 0.00 0.02 0.81 0.85 0.04 0.16 0.77 1.00 0.22 0.14 0.01 0.00 0.00 0.00 0.02 0.11 0.00 0.00 0.00 0.00 0.00 0.00 0.00 0.00 0 0 0 0 
handshaking 0.00 0.00 0.00 0.00 0.00 0.00 0.00 0.00 0.00 0.01 0.84 0.27 0.06 0.16 0.81 1.00 0.17 0.14 0.01 0.00 0.00 0.00 0.03 0.03 0.00 0.00 0.00 0.00 0.00 0.00 0.00 0.00 0 0 0 0 
handshaking 0.00 0.00 0.00 0.00 0.00 0.00 0.00 0.00 0.00 0.02 0.66 0.55 0.03 0.09 0.71 1.00 0.25 0.13 0.00 0.00 0.00 0.01 0.11 0.12 0.00 0.00 0.00 0.01 0.00 0.00 0.00 0.00 0 0 0 0 
handshaking 0.00 0.00 0.00 0.00 0.00 0.00 0.00 0.00 0.00 0.01 0.83 0.53 0.03 0.12 0.77 1.00 0.24 0.16 0.01 0.00 0.00 0.00 0.07 0.22 0.00 0.00 0.01 0.16 0.00 0.00 0.00 0.00 0 0 0 0 
handshaking 0.00 0.00 0.00 0.00 0.00 0.00 0.00 0.00 0.00 0.02 0.76 0.59 0.07 0.16 0.62 1.00 0.17 0.17 0.00 0.00 0.00 0.00 0.01 0.09 0.00 0.00 0.11 0.63 0.00 0.00 0.00 0.00 0 0 0 0 
handshaking 0.00 0.00 0.00 0.00 0.00 0.00 0.00 0.00 0.00 0.02 1.00 0.67 0.03 0.07 0.70 0.89 0.18 0.13 0.00 0.00 0.00 0.00 0.04 0.05 0.00 0.00 0.01 0.04 0.00 0.00 0.00 0.00 0 0 0 0 
handshaking 0.00 0.00 0.00 0.00 0.00 0.00 0.00 0.00 0.00 0.02 0.99 0.58 0.13 0.44 0.73 1.00 0.35 0.49 0.01 0.00 0.00 0.00 0.16 0.25 0.00 0.00 0.01 0.15 0.00 0.00 0.00 0.00 0 0 0 0 
handshaking 0.00 0.00 0.00 0.00 0.00 0.00 0.00 0.00 0.00 0.01 1.00 0.81 0.04 0.11 0.94 0.99 0.19 0.14 0.00 0.00 0.00 0.00 0.01 0.08 0.00 0.00 0.00 0.04 0.00 0.00 0.00 0.00 0 0 0 0 
handshaking 0.00 0.00 0.00 0.00 0.00 0.00 0.00 0.00 0.00 0.01 0.80 0.74 0.09 0.29 0.79 1.00 0.35 0.35 0.01 0.00 0.00 0.00 0.04 0.08 0.00 0.00 0.00 0.05 0.00 0.00 0.00 0.00 0 0 0 0 
handshaking 0.00 0.00 0.00 0.00 0.00 0.00 0.00 0.00 0.00 0.02 1.00 0.79 0.05 0.15 0.66 0.87 0.18 0.18 0.01 0.00 0.00 0.00 0.08 0.18 0.00 0.00 0.01 0.01 0.00 0.00 0.00 0.00 0 0 0 0 
handshaking 0.00 0.00 0.00 0.00 0.00 0.00 0.00 0.00 0.00 0.02 0.93 0.82 0.06 0.20 0.76 1.00 0.22 0.27 0.00 0.00 0.00 0.00 0.11 0.19 0.00 0.00 0.01 0.04 0.00 0.00 0.00 0.00 0 0 0 0 
handshaking 0.00 0.00 0.00 0.00 0.00 0.00 0.00 0.00 0.00 0.01 0.83 0.68 0.06 0.16 0.72 1.00 0.22 0.16 0.00 0.00 0.00 0.00 0.03 0.06 0.00 0.00 0.00 0.01 0.00 0.00 0.00 0.00 0 0 0 0 
handshaking 0.00 0.00 0.00 0.00 0.00 0.00 0.00 0.00 0.00 0.01 0.65 0.70 0.06 0.13 0.68 1.00 0.19 0.12 0.01 0.00 0.00 0.00 0.05 0.06 0.00 0.00 0.00 0.00 0.00 0.00 0.00 0.00 0 0 0 0 
love 0.00 0.00 0.00 0.00 0.00 0.08 0.04 0.01 0.10 0.54 0.50 0.37 0.13 0.61 1.00 0.39 0.26 0.57 0.48 0.16 0.20 0.30 0.67 0.82 0.02 0.32 0.12 0.08 0.00 0.00 0.01 0.00 0 1 0 0 
love 0.00 0.00 0.00 0.00 0.01 0.10 0.03 0.03 0.14 0.53 0.46 0.22 0.12 0.46 1.00 0.57 0.16 0.32 0.69 0.21 0.21 0.29 0.73 0.82 0.02 0.32 0.08 0.07 0.00 0.02 0.02 0.00 0 1 0 0 
love 0.00 0.00 0.00 0.00 0.02 0.15 0.05 0.02 0.19 0.62 0.58 0.34 0.13 0.44 0.88 0.58 0.18 0.35 0.67 0.27 0.25 0.32 0.91 1.00 0.03 0.43 0.15 0.09 0.00 0.03 0.00 0.00 0 1 0 0 
love 0.00 0.00 0.00 0.00 0.03 0.15 0.03 0.02 0.20 0.65 0.66 0.35 0.13 0.64 1.00 0.67 0.20 0.55 0.61 0.36 0.24 0.33 0.94 0.93 0.04 0.44 0.12 0.15 0.00 0.05 0.02 0.01 0 1 0 0 
love 0.00 0.00 0.00 0.00 0.03 0.11 0.02 0.02 0.18 0.60 0.53 0.30 0.11 0.50 0.85 0.52 0.15 0.37 0.53 0.26 0.23 0.29 0.83 1.00 0.03 0.39 0.09 0.12 0.01 0.03 0.01 0.00 0 1 0 0 
love 0.00 0.00 0.00 0.00 0.05 0.11 0.03 0.02 0.16 0.71 0.58 0.29 0.13 0.65 1.00 0.64 0.15 0.46 0.65 0.28 0.17 0.24 0.95 1.00 0.04 0.57 0.17 0.07 0.00 0.06 0.01 0.00 0 1 0 0 
love 0.00 0.00 0.00 0.00 0.02 0.11 0.02 0.01 0.12 0.50 0.47 0.32 0.10 0.36 0.70 0.47 0.09 0.22 0.47 0.14 0.05 0.23 0.72 1.00 0.01 0.39 0.17 0.05 0.00 0.01 0.00 0.00 0 1 0 0 
love 0.00 0.00 0.00 0.00 0.04 0.08 0.02 0.02 0.15 0.48 0.44 0.24 0.10 0.50 0.69 0.53 0.12 0.37 0.45 0.17 0.08 0.17 0.74 1.00 0.02 0.40 0.19 0.08 0.00 0.04 0.01 0.00 0 1 0 0 
love 0.00 0.00 0.00 0.00 0.03 0.10 0.03 0.01 0.08 0.36 0.47 0.26 0.06 0.39 0.69 0.40 0.15 0.35 0.43 0.24 0.23 0.26 0.71 1.00 0.03 0.30 0.08 0.07 0.00 0.04 0.02 0.00 0 1 0 0 
love 0.00 0.00 0.00 0.00 0.00 0.12 0.03 0.02 0.08 0.47 0.67 0.34 0.07 0.68 0.94 0.60 0.25 0.65 0.69 0.29 0.38 0.52 1.00 0.85 0.04 0.28 0.07 0.12 0.00 0.06 0.01 0.00 0 1 0 0 
love 0.00 0.00 0.00 0.00 0.03 0.08 0.02 0.01 0.14 0.69 0.56 0.27 0.15 0.77 0.94 0.73 0.32 0.75 0.71 0.29 0.23 0.52 1.00 0.89 0.03 0.28 0.13 0.12 0.01 0.03 0.01 0.00 0 1 0 0 
love 0.00 0.00 0.00 0.00 0.06 0.09 0.02 0.01 0.10 0.55 0.50 0.21 0.12 0.50 0.83 0.49 0.19 0.34 0.57 0.23 0.20 0.32 0.79 1.00 0.05 0.35 0.09 0.32 0.01 0.05 0.02 0.00 0 1 0 0 
love 0.00 0.00 0.00 0.00 0.06 0.10 0.03 0.02 0.12 0.48 0.49 0.22 0.09 0.38 0.93 0.60 0.12 0.23 0.56 0.24 0.18 0.27 0.79 1.00 0.05 0.31 0.13 0.24 0.00 0.07 0.01 0.00 0 1 0 0 
love 0.00 0.00 0.00 0.00 0.06 0.10 0.03 0.02 0.15 0.67 0.55 0.23 0.13 0.48 0.97 0.57 0.21 0.27 0.57 0.20 0.24 0.34 0.95 1.00 0.05 0.41 0.21 0.35 0.00 0.08 0.02 0.00 0 1 0 0 
love 0.00 0.00 0.00 0.00 0.05 0.08 0.02 0.02 0.12 0.55 0.44 0.17 0.10 0.51 0.79 0.49 0.16 0.37 0.48 0.18 0.20 0.23 0.79 1.00 0.04 0.36 0.19 0.30 0.00 0.07 0.01 0.00 0 1 0 0 
love 0.00 0.00 0.00 0.00 0.06 0.09 0.02 0.02 0.16 0.75 0.54 0.21 0.16 0.65 1.00 0.65 0.17 0.40 0.65 0.24 0.29 0.29 0.97 0.85 0.07 0.55 0.11 0.07 0.00 0.06 0.02 0.00 0 1 0 0 
love 0.00 0.00 0.00 0.00 0.04 0.10 0.04 0.03 0.15 0.55 0.54 0.20 0.10 0.44 0.88 0.51 0.14 0.26 0.53 0.17 0.21 0.24 0.85 1.00 0.05 0.39 0.13 0.08 0.00 0.06 0.03 0.00 0 1 0 0 
love 0.00 0.00 0.00 0.00 0.05 0.08 0.02 0.02 0.12 0.49 0.43 0.16 0.09 0.35 0.78 0.44 0.09 0.18 0.44 0.15 0.18 0.22 0.76 1.00 0.04 0.33 0.12 0.33 0.00 0.05 0.01 0.01 0 1 0 0 
love 0.00 0.00 0.00 0.00 0.03 0.07 0.01 0.02 0.13 0.52 0.43 0.19 0.09 0.40 0.75 0.44 0.11 0.25 0.43 0.15 0.19 0.19 0.73 1.00 0.03 0.39 0.10 0.22 0.01 0.01 0.01 0.00 0 1 0 0 
love 0.00 0.00 0.00 0.00 0.04 0.08 0.02 0.01 0.15 0.56 0.53 0.27 0.09 0.41 0.92 0.46 0.10 0.23 0.49 0.16 0.20 0.21 0.84 1.00 0.04 0.38 0.10 0.17 0.01 0.05 0.01 0.00 0 1 0 0 
love 0.00 0.00 0.00 0.00 0.00 0.01 0.01 0.00 0.02 0.13 0.36 0.05 0.02 0.42 0.85 0.74 0.18 1.00 0.53 0.27 0.03 0.12 0.43 0.42 0.01 0.08 0.04 0.04 0.00 0.02 0.00 0.00 0 1 0 0 
love 0.00 0.00 0.00 0.00 0.01 0.02 0.01 0.01 0.03 0.28 0.14 0.05 0.04 0.26 1.00 0.50 0.01 0.47 0.55 0.31 0.05 0.24 0.72 0.92 0.01 0.17 0.07 0.10 0.00 0.02 0.01 0.00 0 1 0 0 
love 0.00 0.00 0.00 0.00 0.00 0.02 0.01 0.00 0.03 0.17 0.37 0.07 0.01 0.47 0.96 0.84 0.01 1.00 0.59 0.34 0.02 0.18 0.65 0.65 0.00 0.03 0.02 0.04 0.00 0.01 0.00 0.00 0 1 0 0 
love 0.00 0.00 0.00 0.00 0.01 0.07 0.02 0.02 0.08 0.50 0.65 0.25 0.04 0.66 1.00 0.60 0.05 0.82 0.84 0.56 0.06 0.53 0.64 0.86 0.00 0.07 0.06 0.06 0.00 0.00 0.02 0.00 0 1 0 0 
love 0.00 0.00 0.00 0.00 0.02 0.08 0.03 0.03 0.09 0.57 0.51 0.24 0.06 0.35 1.00 0.64 0.07 0.41 0.84 0.65 0.06 0.57 0.53 0.59 0.01 0.08 0.06 0.08 0.00 0.03 0.00 0.00 0 1 0 0 
love 0.00 0.00 0.00 0.00 0.02 0.06 0.02 0.02 0.09 0.59 0.51 0.20 0.04 0.25 0.91 0.58 0.03 0.27 0.77 0.54 0.06 0.58 0.65 1.00 0.01 0.07 0.06 0.08 0.00 0.02 0.00 0.00 0 1 0 0 
love 0.00 0.00 0.00 0.00 0.01 0.03 0.01 0.00 0.06 0.17 0.21 0.09 0.05 0.50 0.57 0.45 0.41 1.00 0.60 0.34 0.12 0.12 0.55 0.81 0.04 0.15 0.07 0.10 0.00 0.03 0.01 0.00 0 1 0 0 
love 0.01 0.00 0.00 0.00 0.05 0.14 0.03 0.01 0.27 0.64 0.49 0.15 0.16 0.56 0.92 0.61 0.15 0.31 0.54 0.19 0.28 0.23 0.79 1.00 0.15 0.53 0.23 0.15 0.02 0.11 0.02 0.01 0 1 0 0 
love 0.01 0.00 0.00 0.00 0.05 0.12 0.03 0.02 0.28 0.70 0.55 0.14 0.17 0.70 1.00 0.64 0.27 0.56 0.53 0.22 0.39 0.30 0.89 0.90 0.18 0.57 0.23 0.15 0.01 0.10 0.02 0.00 0 1 0 0 
love 0.00 0.00 0.00 0.00 0.04 0.11 0.03 0.01 0.27 0.71 0.48 0.11 0.16 0.57 1.00 0.62 0.15 0.29 0.52 0.21 0.29 0.20 0.79 0.62 0.15 0.60 0.26 0.17 0.02 0.07 0.03 0.01 0 1 0 0 
love 0.00 0.00 0.00 0.00 0.06 0.16 0.06 0.01 0.27 0.60 0.59 0.17 0.15 0.58 1.00 0.67 0.18 0.44 0.47 0.17 0.26 0.21 0.89 0.86 0.15 0.54 0.30 0.17 0.02 0.11 0.04 0.01 0 1 0 0 
love 0.00 0.00 0.00 0.00 0.03 0.05 0.02 0.00 0.13 0.31 0.72 0.37 0.20 0.75 0.79 0.55 0.48 0.93 0.43 0.18 0.21 0.19 0.85 1.00 0.09 0.27 0.13 0.06 0.01 0.04 0.02 0.00 0 1 0 0 
love 0.00 0.00 0.00 0.00 0.08 0.25 0.06 0.02 0.24 0.44 1.00 0.51 0.23 0.54 0.70 0.30 0.30 0.56 0.52 0.15 0.23 0.29 0.76 0.79 0.06 0.37 0.09 0.07 0.01 0.03 0.02 0.00 0 1 0 0 
love 0.00 0.00 0.01 0.01 0.16 0.37 0.09 0.04 0.30 0.42 0.88 0.68 0.17 0.49 0.88 0.37 0.26 0.46 0.66 0.22 0.29 0.45 0.87 1.00 0.07 0.41 0.13 0.10 0.00 0.06 0.05 0.02 0 1 0 0 
love 0.00 0.00 0.01 0.01 0.16 0.37 0.09 0.04 0.30 0.42 0.88 0.68 0.17 0.49 0.88 0.37 0.26 0.46 0.66 0.22 0.29 0.45 0.87 1.00 0.07 0.41 0.13 0.10 0.00 0.06 0.05 0.02 0 1 0 0 
rollinghands 0.00 0.08 0.07 0.00 0.00 0.05 0.17 0.00 0.00 0.25 1.00 0.64 0.17 0.44 0.07 0.17 0.27 0.36 0.03 0.10 0.01 0.12 0.70 0.55 0.00 0.14 0.35 0.00 0.00 0.15 0.10 0.00 0 1 1 0 
rollinghands 0.00 0.09 0.09 0.00 0.00 0.07 0.21 0.00 0.00 0.31 1.00 0.82 0.10 0.40 0.20 0.19 0.16 0.26 0.05 0.22 0.01 0.11 0.80 0.82 0.00 0.13 0.42 0.00 0.00 0.16 0.12 0.00 0 1 1 0 
rollinghands 0.00 0.10 0.09 0.00 0.00 0.07 0.21 0.00 0.00 0.27 1.00 1.00 0.07 0.33 0.22 0.26 0.09 0.21 0.05 0.10 0.00 0.13 0.90 0.72 0.00 0.11 0.47 0.00 0.00 0.15 0.12 0.00 0 1 1 0 
rollinghands 0.00 0.16 0.08 0.00 0.00 0.14 0.20 0.00 0.00 0.35 1.00 1.00 0.06 0.37 0.31 0.33 0.10 0.22 0.04 0.25 0.02 0.14 0.92 0.88 0.00 0.13 0.54 0.00 0.00 0.19 0.16 0.01 0 1 1 0 
rollinghands 0.00 0.14 0.09 0.00 0.00 0.11 0.21 0.00 0.00 0.33 1.00 0.88 0.08 0.42 0.27 0.25 0.16 0.28 0.05 0.11 0.02 0.12 0.93 0.82 0.00 0.11 0.50 0.00 0.00 0.15 0.14 0.00 0 1 1 0 
rollinghands 0.00 0.08 0.08 0.00 0.00 0.05 0.17 0.00 0.00 0.20 0.75 1.00 0.07 0.25 0.22 0.14 0.10 0.17 0.03 0.04 0.01 0.07 0.79 0.58 0.00 0.07 0.37 0.01 0.00 0.10 0.10 0.00 0 1 1 0 
rollinghands 0.00 0.06 0.12 0.01 0.00 0.05 0.23 0.00 0.00 0.24 1.00 1.00 0.05 0.27 0.29 0.28 0.07 0.18 0.06 0.08 0.00 0.07 0.97 0.84 0.00 0.03 0.51 0.00 0.00 0.04 0.12 0.00 0 1 1 0 
rollinghands 0.00 0.17 0.10 0.01 0.00 0.12 0.23 0.00 0.00 0.33 1.00 0.99 0.05 0.36 0.34 0.28 0.06 0.19 0.06 0.08 0.00 0.12 0.92 0.99 0.00 0.10 0.54 0.00 0.00 0.15 0.16 0.01 0 1 1 0 
rollinghands 0.00 0.17 0.09 0.00 0.00 0.14 0.20 0.00 0.00 0.35 1.00 1.00 0.08 0.41 0.25 0.30 0.11 0.22 0.06 0.06 0.01 0.10 0.97 0.87 0.00 0.04 0.55 0.00 0.00 0.07 0.16 0.01 0 1 1 0 
rollinghands 0.00 0.09 0.10 0.00 0.00 0.07 0.21 0.00 0.00 0.27 0.95 1.00 0.08 0.33 0.28 0.15 0.12 0.20 0.03 0.02 0.01 0.10 0.94 0.75 0.00 0.05 0.52 0.00 0.00 0.06 0.15 0.00 0 1 1 0 
rollinghands 0.00 0.09 0.11 0.01 0.00 0.06 0.22 0.00 0.00 0.28 0.94 0.85 0.12 0.34 0.19 0.19 0.23 0.22 0.04 0.03 0.00 0.09 1.00 0.90 0.00 0.03 0.49 0.00 0.00 0.04 0.14 0.01 0 1 1 0 
rollinghands 0.00 0.11 0.10 0.01 0.00 0.07 0.22 0.00 0.00 0.29 1.00 0.93 0.08 0.36 0.24 0.23 0.12 0.23 0.05 0.10 0.01 0.08 0.94 0.93 0.00 0.01 0.50 0.00 0.00 0.02 0.15 0.00 0 1 1 0 
rollinghands 0.00 0.11 0.09 0.00 0.00 0.06 0.20 0.00 0.00 0.27 0.89 1.00 0.06 0.30 0.17 0.20 0.08 0.17 0.07 0.06 0.00 0.09 0.88 0.72 0.00 0.03 0.49 0.00 0.00 0.03 0.18 0.00 0 1 1 0 
rollinghands 0.00 0.00 0.04 0.00 0.00 0.00 0.04 0.00 0.00 0.02 0.53 0.47 0.13 0.67 0.25 0.43 0.74 0.85 0.26 0.43 0.00 0.01 0.76 1.00 0.00 0.00 0.11 0.00 0.00 0.02 0.04 0.00 0 1 1 0 
rollinghands 0.00 0.02 0.15 0.00 0.00 0.00 0.16 0.00 0.00 0.03 1.00 0.77 0.01 0.22 0.27 0.07 0.01 0.14 0.28 0.43 0.00 0.00 0.79 0.71 0.00 0.00 0.16 0.00 0.00 0.01 0.07 0.00 0 1 1 0 
rollinghands 0.00 0.04 0.11 0.00 0.00 0.01 0.17 0.00 0.00 0.05 1.00 0.83 0.01 0.21 0.22 0.09 0.01 0.14 0.31 0.49 0.00 0.00 0.81 0.69 0.00 0.00 0.20 0.00 0.00 0.01 0.07 0.00 0 1 1 0 
rollinghands 0.00 0.04 0.12 0.00 0.00 0.02 0.18 0.00 0.00 0.05 1.00 0.75 0.00 0.22 0.23 0.12 0.00 0.13 0.35 0.70 0.00 0.00 0.82 0.28 0.00 0.00 0.19 0.00 0.00 0.00 0.06 0.00 0 1 1 0 
rollinghands 0.00 0.05 0.12 0.00 0.00 0.02 0.19 0.00 0.00 0.05 1.00 0.85 0.01 0.31 0.30 0.10 0.01 0.20 0.33 0.69 0.00 0.00 0.82 0.43 0.00 0.00 0.23 0.00 0.00 0.02 0.09 0.00 0 1 1 0 
rollinghands 0.00 0.02 0.11 0.00 0.00 0.00 0.17 0.00 0.00 0.04 1.00 0.77 0.02 0.50 0.22 0.08 0.02 0.44 0.34 0.66 0.00 0.00 0.77 0.33 0.00 0.00 0.17 0.00 0.00 0.00 0.05 0.00 0 1 1 0 
rollinghands 0.00 0.01 0.12 0.00 0.00 0.01 0.19 0.00 0.00 0.05 1.00 0.85 0.01 0.23 0.19 0.09 0.00 0.15 0.32 0.63 0.00 0.00 0.83 0.43 0.00 0.00 0.20 0.01 0.00 0.00 0.06 0.00 0 1 1 0 
rollinghands 0.00 0.03 0.12 0.00 0.00 0.01 0.19 0.00 0.00 0.05 1.00 0.99 0.01 0.27 0.23 0.10 0.01 0.21 0.32 0.62 0.00 0.00 0.84 0.69 0.00 0.00 0.26 0.00 0.00 0.01 0.09 0.00 0 1 1 0 
rollinghands 0.00 0.02 0.14 0.00 0.00 0.00 0.17 0.02 0.00 0.04 1.00 0.82 0.00 0.19 0.24 0.08 0.00 0.13 0.30 0.56 0.00 0.00 0.79 0.38 0.00 0.00 0.16 0.02 0.00 0.00 0.06 0.03 0 1 1 0 
rollinghands 0.00 0.03 0.17 0.00 0.00 0.00 0.16 0.00 0.00 0.03 1.00 0.81 0.01 0.24 0.29 0.08 0.01 0.21 0.35 0.63 0.00 0.00 0.78 0.37 0.00 0.00 0.11 0.00 0.00 0.02 0.08 0.00 0 1 1 0 
rollinghands 0.00 0.02 0.05 0.00 0.00 0.01 0.15 0.00 0.00 0.12 1.00 0.97 0.25 0.68 0.33 0.33 0.68 0.63 0.38 0.79 0.01 0.00 1.00 0.84 0.00 0.00 0.05 0.01 0.00 0.00 0.02 0.00 0 1 1 0 
rollinghands 0.00 0.19 0.03 0.00 0.00 0.12 0.27 0.00 0.00 0.40 0.98 1.00 0.43 0.55 0.25 0.13 0.68 0.51 0.10 0.11 0.06 0.14 0.85 0.74 0.00 0.14 0.40 0.02 0.00 0.12 0.15 0.01 0 1 1 0 
rollinghands 0.00 0.16 0.12 0.00 0.00 0.13 0.41 0.01 0.00 0.42 1.00 0.96 0.27 0.33 0.19 0.08 0.32 0.25 0.04 0.04 0.00 0.17 0.86 0.79 0.00 0.12 0.51 0.00 0.00 0.04 0.27 0.01 0 1 1 0 
rollinghands 0.00 0.19 0.07 0.00 0.00 0.14 0.38 0.01 0.00 0.43 0.98 1.00 0.21 0.29 0.14 0.08 0.25 0.22 0.05 0.06 0.00 0.16 0.93 0.91 0.00 0.15 0.47 0.03 0.00 0.10 0.22 0.01 0 1 1 0 
rollinghands 0.00 0.10 0.11 0.01 0.00 0.10 0.44 0.02 0.00 0.36 1.00 0.97 0.19 0.35 0.16 0.04 0.34 0.22 0.05 0.02 0.00 0.14 0.94 0.94 0.00 0.07 0.52 0.01 0.00 0.02 0.20 0.01 0 1 1 0 
rollinghands 0.00 0.16 0.09 0.00 0.00 0.12 0.45 0.02 0.00 0.41 0.96 0.93 0.32 0.44 0.06 0.06 0.52 0.30 0.06 0.03 0.00 0.15 1.00 0.97 0.00 0.09 0.52 0.01 0.00 0.04 0.23 0.01 0 1 1 0 
rollinghands 0.00 0.16 0.06 0.00 0.00 0.11 0.38 0.00 0.00 0.37 1.00 0.94 0.33 0.36 0.09 0.04 0.37 0.31 0.03 0.03 0.00 0.12 0.88 0.76 0.00 0.08 0.41 0.02 0.00 0.05 0.17 0.00 0 1 1 0 
rollinghands 0.00 0.19 0.06 0.00 0.00 0.13 0.38 0.01 0.00 0.42 0.99 0.97 0.20 0.34 0.09 0.07 0.24 0.21 0.05 0.03 0.01 0.14 1.00 0.82 0.00 0.11 0.51 0.03 0.00 0.08 0.20 0.00 0 1 1 0 
rollinghands 0.00 0.26 0.05 0.01 0.00 0.17 0.39 0.00 0.00 0.44 0.91 1.00 0.11 0.28 0.07 0.05 0.12 0.13 0.05 0.02 0.00 0.15 0.95 0.90 0.00 0.13 0.55 0.04 0.00 0.09 0.23 0.00 0 1 1 0 
rollinghands 0.00 0.23 0.05 0.01 0.00 0.15 0.37 0.01 0.00 0.42 0.99 1.00 0.16 0.28 0.10 0.06 0.22 0.14 0.02 0.02 0.00 0.15 0.89 0.80 0.00 0.12 0.54 0.01 0.00 0.08 0.24 0.00 0 1 1 0 
rollinghands 0.00 0.11 0.08 0.00 0.00 0.07 0.35 0.00 0.00 0.46 0.95 0.67 0.36 0.73 0.01 0.12 0.73 0.52 0.10 0.50 0.00 0.09 1.00 0.75 0.00 0.06 0.36 0.00 0.00 0.07 0.15 0.00 0 1 1 0 
rollinghands 0.00 0.11 0.08 0.00 0.00 0.10 0.33 0.00 0.00 0.34 0.67 0.58 0.13 0.21 0.01 0.04 0.07 0.14 0.16 0.22 0.00 0.07 0.78 1.00 0.00 0.05 0.34 0.00 0.00 0.09 0.13 0.00 0 1 1 0 
salutation 0.00 0.00 0.00 0.00 0.00 0.00 0.01 0.00 0.00 0.30 1.00 0.11 0.00 0.67 0.85 0.72 0.00 0.51 0.09 0.05 0.00 0.00 0.09 0.08 0.00 0.00 0.00 0.00 0.00 0.00 0.00 0.00 1 0 0 0 
salutation 0.00 0.00 0.00 0.00 0.00 0.00 0.00 0.00 0.00 0.32 1.00 0.17 0.00 0.44 0.88 0.71 0.00 0.20 0.03 0.01 0.00 0.00 0.08 0.11 0.00 0.00 0.00 0.05 0.00 0.00 0.00 0.00 1 0 0 0 
salutation 0.00 0.00 0.00 0.00 0.00 0.00 0.00 0.00 0.00 0.27 1.00 0.21 0.00 0.39 0.71 0.49 0.00 0.25 0.03 0.00 0.00 0.00 0.07 0.07 0.00 0.00 0.00 0.04 0.00 0.00 0.00 0.00 1 0 0 0 
salutation 0.00 0.00 0.00 0.00 0.00 0.00 0.01 0.00 0.00 0.30 1.00 0.20 0.00 0.44 0.75 0.55 0.00 0.27 0.03 0.00 0.00 0.00 0.07 0.07 0.00 0.00 0.05 0.16 0.00 0.00 0.00 0.00 1 0 0 0 
salutation 0.00 0.00 0.00 0.00 0.00 0.00 0.00 0.00 0.00 0.40 1.00 0.23 0.00 0.52 0.90 0.74 0.00 0.17 0.03 0.00 0.00 0.00 0.07 0.09 0.00 0.00 0.01 0.12 0.00 0.00 0.00 0.00 1 0 0 0 
salutation 0.00 0.00 0.00 0.00 0.00 0.00 0.00 0.00 0.00 0.28 1.00 0.20 0.00 0.37 0.78 0.54 0.00 0.15 0.04 0.00 0.00 0.00 0.08 0.12 0.00 0.00 0.00 0.08 0.00 0.00 0.00 0.00 1 0 0 0 
salutation 0.00 0.00 0.00 0.00 0.00 0.00 0.00 0.00 0.00 0.39 1.00 0.18 0.00 0.55 0.92 0.75 0.00 0.29 0.06 0.00 0.00 0.00 0.06 0.09 0.00 0.00 0.00 0.08 0.00 0.00 0.00 0.00 1 0 0 0 
salutation 0.00 0.00 0.00 0.00 0.00 0.00 0.00 0.00 0.00 0.33 1.00 0.16 0.00 0.56 0.85 0.59 0.00 0.70 0.06 0.00 0.00 0.00 0.15 0.11 0.00 0.00 0.00 0.07 0.00 0.00 0.00 0.00 1 0 0 0 
salutation 0.00 0.00 0.00 0.00 0.00 0.00 0.00 0.00 0.00 0.30 1.00 0.21 0.00 0.44 0.80 0.49 0.00 0.30 0.05 0.00 0.00 0.00 0.14 0.17 0.00 0.00 0.00 0.00 0.00 0.00 0.00 0.00 1 0 0 0 
salutation 0.00 0.00 0.00 0.00 0.00 0.00 0.00 0.00 0.00 0.50 0.97 0.16 0.00 0.58 1.00 0.77 0.00 0.09 0.05 0.00 0.00 0.00 0.06 0.11 0.00 0.00 0.01 0.06 0.00 0.00 0.00 0.00 1 0 0 0 
salutation 0.00 0.00 0.00 0.00 0.00 0.00 0.01 0.00 0.00 0.55 1.00 0.12 0.00 0.82 1.00 0.87 0.00 0.23 0.08 0.01 0.00 0.00 0.05 0.05 0.00 0.00 0.01 0.02 0.00 0.00 0.00 0.00 1 0 0 0 
salutation 0.00 0.00 0.00 0.00 0.00 0.00 0.00 0.00 0.00 0.44 1.00 0.12 0.00 0.60 0.89 0.78 0.00 0.38 0.08 0.00 0.00 0.00 0.07 0.12 0.00 0.00 0.01 0.07 0.00 0.00 0.00 0.00 1 0 0 0 
salutation 0.00 0.00 0.00 0.00 0.00 0.00 0.00 0.00 0.00 0.44 0.99 0.15 0.00 0.63 1.00 0.81 0.00 0.47 0.08 0.00 0.00 0.00 0.20 0.18 0.00 0.00 0.00 0.01 0.00 0.00 0.00 0.00 1 0 0 0 
salutation 0.00 0.00 0.00 0.00 0.00 0.00 0.00 0.00 0.00 0.30 1.00 0.20 0.00 0.40 0.91 0.64 0.00 0.16 0.04 0.00 0.00 0.00 0.03 0.06 0.00 0.00 0.01 0.05 0.00 0.00 0.00 0.00 1 0 0 0 
salutation 0.00 0.00 0.00 0.00 0.00 0.00 0.00 0.00 0.00 0.27 1.00 0.16 0.00 0.40 0.85 0.59 0.00 0.23 0.05 0.00 0.00 0.00 0.03 0.04 0.00 0.00 0.00 0.08 0.00 0.00 0.00 0.00 1 0 0 0 
salutation 0.00 0.00 0.00 0.00 0.00 0.00 0.00 0.00 0.00 0.32 1.00 0.24 0.00 0.54 0.99 0.75 0.00 0.57 0.08 0.00 0.00 0.00 0.15 0.12 0.00 0.00 0.00 0.04 0.00 0.00 0.00 0.00 1 0 0 0 
salutation 0.00 0.00 0.00 0.00 0.00 0.00 0.01 0.00 0.00 0.15 0.27 0.04 0.00 0.37 0.46 0.53 0.25 1.00 0.21 0.17 0.03 0.13 0.63 0.91 0.00 0.00 0.01 0.06 0.00 0.00 0.00 0.00 1 0 0 0 
salutation 0.00 0.00 0.00 0.00 0.00 0.01 0.01 0.00 0.00 0.55 0.75 0.13 0.00 0.64 0.87 1.00 0.12 0.19 0.07 0.01 0.04 0.10 0.06 0.08 0.00 0.00 0.00 0.06 0.00 0.00 0.00 0.00 1 0 0 0 
salutation 0.00 0.00 0.00 0.00 0.00 0.01 0.02 0.00 0.00 0.53 0.79 0.06 0.00 0.68 0.96 1.00 0.10 0.23 0.06 0.00 0.02 0.09 0.06 0.08 0.00 0.00 0.04 0.17 0.00 0.00 0.00 0.00 1 0 0 0 
salutation 0.00 0.00 0.00 0.00 0.00 0.01 0.01 0.00 0.00 0.51 0.84 0.13 0.00 0.67 0.94 1.00 0.09 0.26 0.05 0.00 0.02 0.13 0.03 0.05 0.00 0.00 0.01 0.06 0.00 0.00 0.00 0.00 1 0 0 0 
salutation 0.00 0.00 0.00 0.00 0.00 0.01 0.01 0.00 0.00 0.45 0.69 0.05 0.00 0.58 0.96 1.00 0.11 0.31 0.07 0.01 0.04 0.14 0.11 0.12 0.00 0.00 0.01 0.02 0.00 0.00 0.00 0.00 1 0 0 0 
salutation 0.00 0.00 0.00 0.00 0.00 0.02 0.01 0.00 0.00 0.51 1.00 0.23 0.00 0.61 1.00 0.97 0.12 0.43 0.06 0.00 0.04 0.18 0.15 0.17 0.00 0.00 0.02 0.03 0.00 0.00 0.00 0.00 1 0 0 0 
salutation 0.00 0.00 0.00 0.00 0.00 0.00 0.01 0.00 0.00 0.49 0.79 0.07 0.00 0.63 0.92 1.00 0.17 0.48 0.09 0.02 0.07 0.25 0.19 0.22 0.00 0.00 0.03 0.03 0.00 0.00 0.00 0.00 1 0 0 0 
salutation 0.00 0.00 0.00 0.00 0.00 0.04 0.02 0.00 0.00 0.30 0.58 0.06 0.02 0.47 0.77 1.00 0.88 0.86 0.17 0.14 0.38 0.44 0.58 0.95 0.00 0.00 0.39 0.24 0.00 0.00 0.00 0.00 1 0 0 0 
salutation 0.00 0.00 0.00 0.00 0.00 0.15 0.07 0.00 0.00 0.72 0.97 0.31 0.05 0.75 0.86 1.00 0.17 0.38 0.05 0.00 0.11 0.17 0.08 0.10 0.00 0.00 0.05 0.06 0.00 0.00 0.00 0.00 1 0 0 0 
salutation 0.00 0.00 0.00 0.00 0.00 0.17 0.05 0.00 0.00 0.81 1.00 0.31 0.03 0.87 0.95 0.98 0.31 0.57 0.06 0.00 0.20 0.24 0.16 0.20 0.00 0.00 0.10 0.11 0.00 0.00 0.00 0.00 1 0 0 0 
salutation 0.00 0.00 0.00 0.00 0.00 0.38 0.05 0.00 0.00 0.52 0.85 0.57 0.19 0.93 0.95 0.66 0.63 1.00 0.05 0.00 0.30 0.25 0.46 0.48 0.00 0.00 0.18 0.09 0.00 0.00 0.00 0.00 1 0 0 0 
salutation 0.00 0.00 0.00 0.00 0.00 0.58 0.11 0.00 0.00 0.62 0.96 0.91 0.36 1.00 0.74 0.40 0.67 0.82 0.02 0.00 0.17 0.07 0.52 0.45 0.00 0.00 0.07 0.14 0.00 0.00 0.00 0.00 1 0 0 0 
salutation 0.00 0.00 0.00 0.00 0.00 0.43 0.13 0.00 0.00 0.57 1.00 0.84 0.22 0.70 0.80 0.31 0.33 0.44 0.00 0.00 0.10 0.02 0.31 0.30 0.00 0.00 0.06 0.04 0.00 0.00 0.00 0.00 1 0 0 0 
salutation 0.00 0.00 0.00 0.00 0.00 0.43 0.13 0.01 0.00 0.68 1.00 0.78 0.15 0.69 0.72 0.35 0.19 0.31 0.00 0.00 0.09 0.02 0.12 0.15 0.00 0.00 0.03 0.05 0.00 0.00 0.00 0.00 1 0 0 0 
salutation 0.00 0.00 0.00 0.00 0.00 0.40 0.18 0.00 0.00 0.66 1.00 0.81 0.12 0.65 0.72 0.39 0.17 0.21 0.01 0.00 0.09 0.03 0.08 0.14 0.00 0.00 0.03 0.02 0.00 0.00 0.00 0.00 1 0 0 0 
salutation 0.00 0.00 0.00 0.00 0.00 0.29 0.22 0.00 0.00 0.60 0.91 0.84 0.25 0.85 1.00 0.53 0.50 0.69 0.01 0.00 0.22 0.16 0.46 0.46 0.00 0.00 0.13 0.06 0.00 0.00 0.00 0.00 1 0 0 0 
salutation 0.00 0.00 0.00 0.00 0.00 0.30 0.15 0.00 0.00 0.63 1.00 0.65 0.11 0.64 0.71 0.42 0.15 0.21 0.01 0.00 0.06 0.05 0.08 0.13 0.00 0.00 0.03 0.14 0.00 0.00 0.00 0.00 1 0 0 0 
salutation 0.00 0.00 0.00 0.00 0.00 0.26 0.22 0.00 0.00 0.60 1.00 0.69 0.17 0.63 0.67 0.30 0.24 0.31 0.00 0.00 0.14 0.06 0.15 0.19 0.00 0.00 0.05 0.05 0.00 0.00 0.00 0.00 1 0 0 0 
salutation 0.00 0.00 0.00 0.00 0.00 0.35 0.15 0.00 0.00 0.62 1.00 0.75 0.11 0.57 0.71 0.30 0.15 0.14 0.00 0.00 0.08 0.04 0.05 0.12 0.00 0.00 0.04 0.02 0.00 0.00 0.00 0.00 1 0 0 0 
sidebyside 0.00 0.00 0.01 0.00 0.00 0.00 0.00 0.01 0.00 0.16 0.68 0.68 0.04 0.22 0.42 0.21 0.12 0.23 0.17 0.15 0.00 0.19 0.84 1.00 0.00 0.01 0.01 0.01 0.00 0.00 0.00 0.02 1 1 1 0 
sidebyside 0.00 0.00 0.01 0.00 0.00 0.00 0.00 0.02 0.00 0.22 0.82 0.64 0.04 0.24 0.60 0.29 0.11 0.18 0.21 0.18 0.00 0.26 0.98 1.00 0.00 0.04 0.04 0.02 0.00 0.00 0.01 0.03 1 1 1 0 
sidebyside 0.00 0.00 0.01 0.00 0.00 0.00 0.01 0.02 0.00 0.02 0.92 0.72 0.08 0.29 0.58 0.35 0.15 0.19 0.23 0.10 0.00 0.00 0.91 1.00 0.00 0.00 0.02 0.02 0.00 0.00 0.01 0.03 1 1 1 0 
sidebyside 0.00 0.00 0.00 0.00 0.00 0.00 0.00 0.00 0.00 0.08 0.68 0.60 0.04 0.25 0.47 0.27 0.18 0.26 0.22 0.14 0.00 0.15 0.78 1.00 0.00 0.00 0.00 0.00 0.00 0.00 0.00 0.00 1 1 1 0 
sidebyside 0.00 0.00 0.01 0.00 0.00 0.00 0.00 0.01 0.00 0.13 0.69 0.65 0.02 0.16 0.44 0.20 0.09 0.17 0.24 0.12 0.00 0.17 0.77 1.00 0.00 0.00 0.01 0.02 0.00 0.00 0.01 0.02 1 1 1 0 
sidebyside 0.00 0.00 0.00 0.00 0.00 0.00 0.00 0.00 0.00 0.27 0.81 0.76 0.03 0.26 0.88 0.45 0.15 0.19 0.25 0.10 0.00 0.31 1.00 0.99 0.00 0.07 0.02 0.01 0.00 0.00 0.00 0.00 1 1 1 0 
sidebyside 0.00 0.00 0.00 0.00 0.00 0.00 0.00 0.00 0.00 0.19 0.64 0.62 0.02 0.18 0.55 0.29 0.09 0.12 0.16 0.08 0.00 0.21 0.88 1.00 0.00 0.07 0.01 0.01 0.00 0.00 0.00 0.00 1 1 1 0 
sidebyside 0.00 0.00 0.01 0.00 0.00 0.00 0.01 0.02 0.00 0.26 0.62 0.62 0.03 0.28 0.68 0.35 0.13 0.22 0.37 0.13 0.00 0.37 0.83 1.00 0.00 0.07 0.02 0.03 0.00 0.00 0.01 0.03 1 1 1 0 
sidebyside 0.00 0.00 0.01 0.00 0.00 0.00 0.01 0.01 0.00 0.23 0.58 0.68 0.05 0.31 0.57 0.22 0.17 0.31 0.21 0.15 0.00 0.25 0.77 1.00 0.00 0.08 0.03 0.02 0.00 0.00 0.01 0.03 1 1 1 0 
sidebyside 0.00 0.00 0.01 0.00 0.00 0.00 0.01 0.01 0.00 0.14 0.70 0.60 0.04 0.27 0.54 0.22 0.19 0.32 0.19 0.10 0.00 0.12 0.92 1.00 0.00 0.05 0.07 0.03 0.00 0.00 0.01 0.03 1 1 1 0 
sidebyside 0.00 0.00 0.01 0.00 0.00 0.00 0.01 0.01 0.00 0.13 0.78 0.68 0.03 0.18 0.60 0.26 0.12 0.15 0.21 0.13 0.00 0.11 0.88 1.00 0.00 0.04 0.11 0.02 0.00 0.00 0.00 0.02 1 1 1 0 
sidebyside 0.00 0.00 0.01 0.00 0.00 0.00 0.00 0.02 0.00 0.11 0.83 0.71 0.05 0.20 0.69 0.26 0.16 0.17 0.15 0.07 0.00 0.09 0.95 1.00 0.00 0.03 0.13 0.04 0.00 0.00 0.01 0.03 1 1 1 0 
sidebyside 0.00 0.00 0.00 0.00 0.00 0.00 0.00 0.00 0.00 0.01 0.40 0.33 0.07 0.70 0.55 0.24 0.43 1.00 0.44 0.54 0.00 0.01 0.81 0.77 0.00 0.00 0.00 0.00 0.00 0.00 0.00 0.00 1 1 1 0 
sidebyside 0.00 0.00 0.00 0.00 0.00 0.00 0.00 0.00 0.00 0.00 0.54 0.76 0.00 0.32 1.00 0.37 0.00 0.43 0.65 0.89 0.00 0.00 0.81 0.77 0.00 0.00 0.00 0.00 0.00 0.00 0.00 0.00 1 1 1 0 
sidebyside 0.00 0.00 0.00 0.00 0.00 0.00 0.00 0.00 0.00 0.00 0.46 0.72 0.00 0.16 0.98 0.37 0.00 0.14 0.53 0.76 0.00 0.00 0.82 1.00 0.00 0.00 0.00 0.00 0.00 0.00 0.00 0.00 1 1 1 0 
sidebyside 0.00 0.00 0.02 0.00 0.00 0.00 0.01 0.02 0.00 0.00 0.37 0.54 0.00 0.42 1.00 0.43 0.00 0.60 0.62 0.84 0.00 0.00 0.93 0.61 0.00 0.00 0.02 0.03 0.00 0.00 0.01 0.04 1 1 1 0 
sidebyside 0.00 0.00 0.00 0.00 0.00 0.00 0.00 0.00 0.00 0.00 0.40 0.52 0.00 0.17 1.00 0.41 0.00 0.14 0.50 0.81 0.00 0.00 0.74 0.56 0.00 0.00 0.00 0.00 0.00 0.00 0.00 0.00 1 1 1 0 
sidebyside 0.00 0.00 0.00 0.00 0.00 0.00 0.00 0.00 0.00 0.01 0.49 0.75 0.00 0.73 1.00 0.38 0.00 0.78 0.84 0.90 0.00 0.10 0.77 0.58 0.00 0.00 0.00 0.00 0.00 0.00 0.00 0.00 1 1 1 0 
sidebyside 0.00 0.00 0.00 0.00 0.00 0.00 0.00 0.00 0.00 0.00 0.39 0.42 0.00 0.29 1.00 0.32 0.00 0.12 0.53 0.80 0.00 0.10 0.56 0.38 0.00 0.00 0.00 0.00 0.00 0.00 0.00 0.00 1 1 1 0 
sidebyside 0.00 0.00 0.00 0.00 0.00 0.00 0.00 0.00 0.00 0.00 0.36 0.93 0.00 0.27 0.92 0.35 0.00 0.22 0.70 0.72 0.00 0.06 0.62 1.00 0.00 0.00 0.00 0.00 0.00 0.00 0.00 0.00 1 1 1 0 
sidebyside 0.00 0.00 0.00 0.00 0.00 0.00 0.00 0.00 0.00 0.01 0.40 0.56 0.00 0.39 1.00 0.39 0.00 0.38 0.59 0.81 0.00 0.06 0.78 0.57 0.00 0.00 0.00 0.00 0.00 0.00 0.00 0.00 1 1 1 0 
sidebyside 0.00 0.00 0.00 0.00 0.00 0.00 0.00 0.00 0.00 0.00 0.48 0.59 0.00 0.28 0.84 0.34 0.00 0.21 0.57 1.00 0.00 0.02 0.70 0.56 0.00 0.00 0.00 0.00 0.00 0.00 0.00 0.00 1 1 1 0 
sidebyside 0.00 0.00 0.01 0.00 0.00 0.00 0.02 0.03 0.00 0.00 0.47 0.54 0.00 0.24 1.00 0.40 0.00 0.35 0.47 0.78 0.00 0.00 0.89 0.53 0.00 0.00 0.03 0.04 0.00 0.00 0.01 0.07 1 1 1 0 
sidebyside 0.00 0.00 0.00 0.00 0.00 0.00 0.00 0.00 0.00 0.00 0.57 0.75 0.00 0.24 0.94 0.39 0.00 0.20 0.55 0.92 0.00 0.00 0.82 1.00 0.00 0.00 0.00 0.00 0.00 0.00 0.00 0.00 1 1 1 0 
sidebyside 0.00 0.00 0.00 0.00 0.00 0.00 0.00 0.00 0.00 0.00 0.53 0.64 0.00 0.17 0.99 0.45 0.00 0.12 0.51 1.00 0.00 0.00 0.89 0.77 0.00 0.00 0.00 0.00 0.00 0.00 0.00 0.00 1 1 1 0 
sidebyside 0.00 0.00 0.01 0.00 0.00 0.00 0.01 0.03 0.00 0.00 0.60 0.80 0.00 0.35 0.92 0.32 0.00 0.43 0.73 1.00 0.00 0.01 0.83 0.91 0.00 0.00 0.03 0.03 0.00 0.00 0.01 0.05 1 1 1 0 
sidebyside 0.00 0.00 0.00 0.00 0.00 0.00 0.00 0.00 0.00 0.00 0.51 0.61 0.00 0.31 1.00 0.58 0.00 0.37 0.63 0.88 0.00 0.06 0.78 0.67 0.00 0.00 0.00 0.00 0.00 0.00 0.00 0.00 1 1 1 0 
sidebyside 0.00 0.00 0.02 0.00 0.00 0.00 0.11 0.06 0.00 0.24 0.94 1.00 0.45 0.98 0.36 0.16 0.59 0.68 0.36 0.50 0.00 0.07 0.67 0.53 0.00 0.05 0.07 0.04 0.00 0.00 0.01 0.04 1 1 1 0 
sidebyside 0.00 0.00 0.01 0.00 0.00 0.01 0.26 0.07 0.00 0.21 1.00 0.52 0.13 0.16 0.06 0.17 0.17 0.11 0.30 0.22 0.00 0.05 0.70 0.61 0.00 0.06 0.16 0.03 0.00 0.00 0.00 0.02 1 1 1 0 
sidebyside 0.00 0.00 0.05 0.04 0.01 0.03 0.30 0.16 0.01 0.39 1.00 0.55 0.18 0.24 0.12 0.14 0.22 0.15 0.22 0.19 0.00 0.14 0.76 0.99 0.00 0.27 0.16 0.19 0.00 0.00 0.10 0.18 1 1 1 0 
sidebyside 0.00 0.00 0.03 0.01 0.00 0.02 0.18 0.16 0.00 0.42 1.00 0.46 0.19 0.25 0.16 0.15 0.36 0.24 0.20 0.12 0.00 0.10 0.85 0.75 0.00 0.35 0.14 0.13 0.00 0.00 0.03 0.07 1 1 1 0 
sidebyside 0.00 0.00 0.02 0.00 0.00 0.01 0.15 0.10 0.00 0.35 1.00 0.55 0.18 0.25 0.12 0.17 0.44 0.30 0.23 0.16 0.00 0.08 0.79 0.75 0.00 0.25 0.17 0.08 0.00 0.00 0.01 0.03 1 1 1 0 
sidebyside 0.00 0.00 0.01 0.00 0.00 0.02 0.18 0.14 0.00 0.21 1.00 0.72 0.27 0.24 0.11 0.16 0.47 0.28 0.25 0.18 0.00 0.02 0.78 0.77 0.00 0.08 0.28 0.06 0.00 0.00 0.01 0.03 1 1 1 0 
sidebyside 0.00 0.00 0.01 0.00 0.00 0.02 0.22 0.06 0.00 0.34 1.00 0.57 0.13 0.13 0.15 0.18 0.22 0.12 0.23 0.16 0.00 0.07 0.76 0.75 0.00 0.21 0.19 0.02 0.00 0.00 0.01 0.01 1 1 1 0 
sidebyside 0.00 0.00 0.03 0.02 0.00 0.01 0.21 0.15 0.00 0.38 0.96 0.59 0.14 0.20 0.15 0.12 0.26 0.23 0.22 0.14 0.00 0.14 0.83 1.00 0.00 0.20 0.11 0.12 0.00 0.00 0.04 0.09 1 1 1 0  
spreadlefthand 0.00 0.00 0.00 0.00 0.00 0.00 0.00 0.00 0.00 0.00 0.19 0.13 0.07 0.18 0.01 0.01 0.10 0.37 0.39 0.46 0.00 0.04 0.68 1.00 0.00 0.02 0.49 0.10 0.00 0.02 0.24 0.00 0 0 1 0 
spreadlefthand 0.00 0.00 0.00 0.00 0.00 0.00 0.00 0.00 0.00 0.01 0.39 0.21 0.12 0.37 0.01 0.02 0.18 0.56 0.32 0.52 0.00 0.05 0.77 1.00 0.00 0.06 0.45 0.09 0.00 0.09 0.20 0.00 0 0 1 0 
spreadlefthand 0.00 0.00 0.00 0.00 0.00 0.00 0.00 0.00 0.00 0.01 0.38 0.18 0.10 0.34 0.02 0.02 0.17 0.60 0.21 0.41 0.00 0.07 0.86 1.00 0.00 0.13 0.47 0.10 0.00 0.17 0.19 0.01 0 0 1 0 
spreadlefthand 0.00 0.00 0.00 0.00 0.00 0.00 0.00 0.00 0.00 0.01 0.25 0.09 0.13 0.32 0.01 0.01 0.16 0.58 0.24 0.49 0.00 0.09 0.85 1.00 0.00 0.26 0.33 0.05 0.00 0.32 0.04 0.01 0 0 1 0 
spreadlefthand 0.00 0.00 0.00 0.00 0.00 0.00 0.00 0.00 0.00 0.00 0.17 0.09 0.10 0.22 0.01 0.00 0.10 0.38 0.21 0.27 0.00 0.06 0.64 1.00 0.00 0.08 0.35 0.09 0.00 0.09 0.20 0.00 0 0 1 0 
spreadlefthand 0.00 0.00 0.00 0.00 0.00 0.00 0.00 0.00 0.00 0.01 0.15 0.07 0.04 0.17 0.02 0.02 0.09 0.34 0.20 0.33 0.00 0.05 0.57 1.00 0.00 0.06 0.30 0.08 0.00 0.07 0.18 0.00 0 0 1 0 
spreadlefthand 0.00 0.00 0.00 0.00 0.00 0.00 0.00 0.00 0.00 0.00 0.23 0.11 0.14 0.37 0.02 0.01 0.20 0.66 0.35 0.63 0.00 0.06 0.89 1.00 0.00 0.09 0.49 0.08 0.00 0.13 0.22 0.01 0 0 1 0 
spreadlefthand 0.00 0.00 0.00 0.00 0.00 0.00 0.00 0.00 0.00 0.00 0.21 0.08 0.10 0.28 0.01 0.01 0.16 0.44 0.19 0.24 0.00 0.05 0.64 1.00 0.00 0.09 0.29 0.13 0.00 0.14 0.11 0.01 0 0 1 0 
spreadlefthand 0.00 0.00 0.00 0.00 0.00 0.00 0.00 0.00 0.00 0.00 0.25 0.11 0.13 0.29 0.01 0.00 0.14 0.44 0.29 0.34 0.00 0.03 0.67 1.00 0.00 0.00 0.45 0.08 0.00 0.00 0.26 0.00 0 0 1 0 
spreadlefthand 0.00 0.00 0.00 0.00 0.00 0.00 0.00 0.00 0.00 0.00 0.30 0.12 0.17 0.39 0.02 0.00 0.23 0.64 0.31 0.49 0.00 0.08 0.91 1.00 0.00 0.13 0.48 0.15 0.00 0.17 0.21 0.01 0 0 1 0 
spreadlefthand 0.00 0.00 0.00 0.00 0.00 0.00 0.00 0.00 0.00 0.00 0.28 0.15 0.09 0.26 0.01 0.00 0.12 0.42 0.30 0.35 0.00 0.04 0.58 1.00 0.00 0.05 0.35 0.28 0.00 0.03 0.23 0.00 0 0 1 0 
spreadlefthand 0.00 0.00 0.00 0.00 0.00 0.00 0.00 0.00 0.00 0.05 1.00 0.78 0.22 0.67 0.18 0.39 0.31 0.66 0.37 0.45 0.00 0.00 0.38 0.40 0.00 0.00 0.14 0.18 0.00 0.00 0.08 0.00 0 0 1 0 
spreadlefthand 0.00 0.00 0.00 0.00 0.00 0.00 0.00 0.00 0.00 0.00 0.14 0.06 0.00 0.29 0.03 0.00 0.00 0.33 0.42 0.52 0.00 0.00 0.65 1.00 0.00 0.00 0.46 0.75 0.00 0.00 0.05 0.00 0 0 1 0 
spreadlefthand 0.00 0.00 0.00 0.00 0.00 0.00 0.00 0.00 0.00 0.00 0.09 0.05 0.00 0.19 0.02 0.00 0.00 0.20 0.34 0.46 0.00 0.00 0.51 1.00 0.00 0.00 0.48 0.44 0.00 0.00 0.23 0.00 0 0 1 0 
spreadlefthand 0.00 0.00 0.00 0.00 0.00 0.00 0.00 0.00 0.00 0.00 0.00 0.00 0.00 0.01 0.00 0.00 0.00 0.00 0.00 0.00 0.00 0.00 0.00 0.78 0.00 0.00 0.13 1.00 0.00 0.00 0.00 0.00 0 0 1 0 
spreadlefthand 0.00 0.00 0.00 0.00 0.00 0.00 0.00 0.00 0.00 0.00 0.00 0.00 0.00 0.04 0.00 0.00 0.00 0.04 0.00 0.00 0.00 0.00 0.00 0.70 0.00 0.00 0.07 1.00 0.00 0.00 0.00 0.00 0 0 1 0 
spreadlefthand 0.00 0.00 0.00 0.00 0.00 0.00 0.00 0.00 0.00 0.00 0.11 0.08 0.00 0.21 0.02 0.00 0.00 0.24 0.60 0.88 0.00 0.00 0.89 1.00 0.00 0.00 0.62 0.21 0.00 0.00 0.36 0.00 0 0 1 0 
spreadlefthand 0.00 0.00 0.00 0.00 0.00 0.00 0.00 0.00 0.00 0.00 0.18 0.09 0.00 0.37 0.04 0.00 0.00 0.44 0.54 0.74 0.00 0.00 0.74 1.00 0.00 0.00 0.45 0.08 0.00 0.00 0.26 0.00 0 0 1 0 
spreadlefthand 0.00 0.00 0.00 0.00 0.00 0.00 0.00 0.00 0.00 0.00 0.24 0.13 0.00 0.39 0.04 0.01 0.00 0.37 0.57 0.86 0.00 0.00 0.80 1.00 0.00 0.00 0.56 0.07 0.00 0.00 0.34 0.00 0 0 1 0 
spreadlefthand 0.00 0.00 0.00 0.00 0.00 0.00 0.00 0.00 0.00 0.00 0.36 0.18 0.00 0.60 0.07 0.02 0.00 0.60 0.68 0.85 0.00 0.00 1.00 0.69 0.00 0.00 0.67 0.08 0.00 0.00 0.41 0.00 0 0 1 0 
spreadlefthand 0.00 0.00 0.00 0.00 0.00 0.00 0.00 0.00 0.00 0.00 0.24 0.11 0.00 0.33 0.03 0.00 0.00 0.35 0.47 0.55 0.00 0.00 0.62 1.00 0.00 0.01 0.34 0.20 0.00 0.01 0.21 0.00 0 0 1 0 
spreadlefthand 0.00 0.00 0.00 0.00 0.00 0.00 0.01 0.00 0.00 0.10 0.57 0.31 0.20 0.57 0.12 0.23 0.92 1.00 0.01 0.03 0.18 0.12 0.67 1.00 0.00 0.10 0.98 0.93 0.00 0.20 0.34 0.01 0 0 1 0 
spreadlefthand 0.00 0.00 0.00 0.00 0.00 0.00 0.01 0.00 0.00 0.02 0.24 0.12 0.18 0.17 0.00 0.00 0.27 0.24 0.00 0.01 0.08 0.06 0.35 0.53 0.00 0.04 0.39 1.00 0.00 0.05 0.21 0.00 0 0 1 0 
spreadlefthand 0.00 0.00 0.00 0.00 0.00 0.00 0.01 0.00 0.00 0.02 0.24 0.11 0.23 0.19 0.00 0.00 0.37 0.29 0.00 0.01 0.14 0.07 0.45 0.85 0.00 0.04 1.00 0.93 0.00 0.03 0.31 0.00 0 0 1 0 
spreadlefthand 0.00 0.00 0.00 0.00 0.00 0.00 0.01 0.00 0.00 0.02 0.15 0.10 0.09 0.08 0.00 0.00 0.12 0.20 0.01 0.01 0.05 0.11 0.70 1.00 0.00 0.06 0.95 0.57 0.00 0.02 0.55 0.00 0 0 1 0 
spreadlefthand 0.00 0.00 0.00 0.00 0.00 0.00 0.03 0.00 0.00 0.02 0.27 0.19 0.22 0.34 0.00 0.01 0.29 0.50 0.08 0.06 0.00 0.05 0.55 1.00 0.00 0.07 0.21 0.04 0.00 0.09 0.07 0.00 0 0 1 0 
spreadlefthand 0.00 0.00 0.00 0.00 0.00 0.00 0.01 0.00 0.00 0.00 0.06 0.06 0.08 0.13 0.00 0.00 0.13 0.25 0.04 0.07 0.00 0.05 0.50 1.00 0.00 0.08 0.22 0.06 0.00 0.12 0.07 0.00 0 0 1 0 
spreadlefthand 0.00 0.00 0.00 0.00 0.00 0.00 0.01 0.00 0.00 0.00 0.06 0.05 0.13 0.16 0.00 0.00 0.15 0.28 0.12 0.21 0.00 0.07 0.54 1.00 0.00 0.12 0.19 0.05 0.00 0.16 0.05 0.01 0 0 1 0 
spreadlefthand 0.00 0.00 0.00 0.00 0.00 0.00 0.02 0.00 0.00 0.01 0.14 0.09 0.16 0.24 0.00 0.00 0.17 0.40 0.13 0.23 0.00 0.10 0.66 1.00 0.00 0.19 0.26 0.06 0.00 0.26 0.03 0.01 0 0 1 0 
spreadlefthand 0.00 0.00 0.00 0.00 0.00 0.00 0.01 0.00 0.00 0.01 0.10 0.06 0.20 0.26 0.01 0.00 0.21 0.43 0.12 0.21 0.00 0.12 0.73 1.00 0.00 0.20 0.31 0.10 0.00 0.26 0.10 0.01 0 0 1 0 
spreadlefthand 0.00 0.00 0.00 0.00 0.00 0.00 0.01 0.00 0.00 0.01 0.07 0.03 0.13 0.18 0.00 0.00 0.14 0.33 0.11 0.21 0.00 0.09 0.58 1.00 0.00 0.17 0.22 0.06 0.00 0.25 0.03 0.01 0 0 1 0 
spreadlefthand 0.00 0.00 0.00 0.00 0.00 0.00 0.03 0.01 0.00 0.09 1.00 0.78 0.39 0.78 0.28 0.44 0.58 0.82 0.26 0.37 0.00 0.01 0.52 0.57 0.00 0.01 0.18 0.02 0.00 0.03 0.10 0.00 0 0 1 0 
spreadlefthand 0.00 0.00 0.00 0.00 0.00 0.00 0.00 0.00 0.00 0.00 0.11 0.09 0.00 0.41 0.06 0.08 0.06 0.44 0.30 0.27 0.00 0.03 0.82 1.00 0.00 0.04 0.40 0.05 0.00 0.06 0.20 0.00 0 0 1 0 
spreadlefthand 0.00 0.00 0.00 0.00 0.00 0.00 0.00 0.00 0.00 0.00 0.06 0.03 0.01 0.26 0.02 0.03 0.03 0.34 0.24 0.28 0.00 0.02 0.70 1.00 0.00 0.01 0.41 0.10 0.00 0.04 0.24 0.00 0 0 1 0 
spreadlefthand 0.00 0.00 0.00 0.00 0.00 0.00 0.00 0.00 0.00 0.00 0.07 0.05 0.00 0.31 0.04 0.04 0.04 0.45 0.26 0.18 0.00 0.02 0.66 1.00 0.00 0.05 0.30 0.07 0.00 0.13 0.09 0.00 0 0 1 0 
spreadrighthand 0.00 0.13 0.02 0.00 0.00 0.11 0.09 0.00 0.00 0.12 0.76 1.00 0.02 0.35 0.25 0.38 0.18 0.32 0.03 0.00 0.03 0.05 0.16 0.07 0.00 0.00 0.00 0.00 0.00 0.00 0.00 0.00 1 0 1 0 
spreadrighthand 0.00 0.11 0.03 0.01 0.00 0.08 0.12 0.03 0.00 0.10 0.69 1.00 0.03 0.32 0.27 0.18 0.14 0.22 0.03 0.02 0.01 0.02 0.20 0.15 0.00 0.00 0.00 0.00 0.00 0.00 0.00 0.00 1 0 1 0 
spreadrighthand 0.00 0.10 0.09 0.01 0.00 0.05 0.21 0.01 0.00 0.10 1.00 0.83 0.05 0.46 0.31 0.19 0.22 0.34 0.03 0.00 0.01 0.03 0.19 0.09 0.00 0.00 0.00 0.00 0.00 0.00 0.00 0.00 1 0 1 0 
spreadrighthand 0.00 0.13 0.07 0.01 0.00 0.07 0.22 0.02 0.00 0.13 1.00 0.85 0.05 0.52 0.36 0.25 0.30 0.46 0.04 0.00 0.03 0.07 0.24 0.13 0.00 0.00 0.00 0.00 0.00 0.00 0.00 0.00 1 0 1 0 
spreadrighthand 0.00 0.10 0.09 0.01 0.00 0.05 0.19 0.01 0.00 0.10 1.00 0.72 0.03 0.40 0.45 0.23 0.13 0.22 0.02 0.01 0.00 0.02 0.17 0.13 0.00 0.00 0.00 0.00 0.00 0.00 0.00 0.00 1 0 1 0 
spreadrighthand 0.00 0.14 0.07 0.01 0.00 0.06 0.22 0.01 0.00 0.11 1.00 0.96 0.04 0.36 0.33 0.21 0.10 0.18 0.02 0.00 0.00 0.01 0.14 0.06 0.00 0.00 0.00 0.00 0.00 0.00 0.00 0.00 1 0 1 0 
spreadrighthand 0.00 0.09 0.03 0.00 0.00 0.04 0.12 0.01 0.00 0.07 0.60 1.00 0.02 0.22 0.21 0.11 0.08 0.13 0.01 0.00 0.00 0.01 0.06 0.03 0.00 0.00 0.00 0.00 0.00 0.00 0.00 0.00 1 0 1 0 
spreadrighthand 0.00 0.08 0.04 0.00 0.00 0.04 0.13 0.01 0.00 0.07 0.63 1.00 0.02 0.26 0.27 0.12 0.09 0.13 0.01 0.00 0.00 0.02 0.07 0.03 0.00 0.00 0.00 0.00 0.00 0.00 0.00 0.00 1 0 1 0 
spreadrighthand 0.00 0.08 0.05 0.00 0.00 0.04 0.15 0.00 0.00 0.08 0.70 1.00 0.02 0.30 0.24 0.16 0.10 0.18 0.02 0.00 0.01 0.03 0.12 0.06 0.00 0.00 0.00 0.00 0.00 0.00 0.00 0.00 1 0 1 0 
spreadrighthand 0.00 0.00 0.00 0.00 0.00 0.00 0.00 0.00 0.00 0.00 0.00 0.00 0.00 1.00 0.00 0.00 0.00 0.00 0.00 0.00 0.00 0.00 0.00 0.00 0.00 0.00 0.00 0.00 0.00 0.00 0.00 0.00 1 0 1 0 
spreadrighthand 0.00 0.16 0.02 0.00 0.00 0.15 0.10 0.11 0.00 0.15 1.00 0.79 0.03 0.42 0.30 0.17 0.19 0.28 0.03 0.00 0.01 0.03 0.14 0.08 0.00 0.00 0.00 0.00 0.00 0.00 0.00 0.00 1 0 1 0 
spreadrighthand 0.00 0.10 0.03 0.00 0.00 0.05 0.12 0.00 0.00 0.08 0.59 1.00 0.02 0.28 0.23 0.15 0.15 0.20 0.02 0.00 0.00 0.02 0.13 0.05 0.00 0.00 0.00 0.00 0.00 0.00 0.00 0.00 1 0 1 0 
spreadrighthand 0.00 0.10 0.03 0.00 0.00 0.07 0.11 0.01 0.00 0.08 0.62 1.00 0.02 0.25 0.23 0.14 0.09 0.14 0.02 0.00 0.00 0.01 0.08 0.06 0.00 0.00 0.00 0.00 0.00 0.00 0.00 0.00 1 0 1 0 
spreadrighthand 0.00 0.16 0.06 0.01 0.00 0.10 0.19 0.01 0.00 0.13 1.00 0.77 0.03 0.44 0.34 0.19 0.16 0.27 0.03 0.00 0.01 0.03 0.15 0.09 0.00 0.00 0.00 0.00 0.00 0.00 0.00 0.00 1 0 1 0 
spreadrighthand 0.00 0.15 0.06 0.00 0.00 0.08 0.20 0.01 0.00 0.13 1.00 0.83 0.04 0.46 0.33 0.23 0.15 0.25 0.03 0.00 0.01 0.04 0.14 0.07 0.00 0.00 0.00 0.00 0.00 0.00 0.00 0.00 1 0 1 0 
spreadrighthand 0.00 0.16 0.05 0.01 0.00 0.09 0.21 0.01 0.00 0.13 1.00 0.95 0.03 0.42 0.35 0.21 0.16 0.25 0.02 0.00 0.01 0.05 0.08 0.04 0.00 0.00 0.00 0.00 0.00 0.00 0.00 0.00 1 0 1 0 
spreadrighthand 0.00 0.06 0.02 0.00 0.00 0.03 0.07 0.00 0.00 0.15 0.82 0.82 0.22 0.71 0.32 0.33 1.00 0.63 0.06 0.08 0.09 0.05 0.57 0.33 0.00 0.00 0.07 0.03 0.00 0.00 0.00 0.00 1 0 1 0 
spreadrighthand 0.00 0.15 0.06 0.01 0.00 0.07 0.20 0.00 0.00 0.31 1.00 0.95 0.14 0.33 0.18 0.04 0.22 0.19 0.00 0.00 0.08 0.03 0.13 0.08 0.00 0.00 0.04 0.01 0.00 0.00 0.00 0.00 1 0 1 0 
spreadrighthand 0.00 0.10 0.08 0.01 0.00 0.06 0.21 0.00 0.00 0.27 0.97 1.00 0.13 0.28 0.22 0.05 0.17 0.15 0.00 0.00 0.08 0.02 0.13 0.14 0.00 0.00 0.05 0.02 0.00 0.00 0.00 0.00 1 0 1 0 
spreadrighthand 0.00 0.05 0.09 0.01 0.00 0.05 0.22 0.00 0.00 0.26 1.00 0.90 0.18 0.34 0.19 0.01 0.27 0.23 0.00 0.01 0.11 0.02 0.19 0.15 0.00 0.00 0.05 0.02 0.00 0.00 0.00 0.00 1 0 1 0 
spreadrighthand 0.00 0.17 0.06 0.00 0.00 0.09 0.21 0.00 0.00 0.30 1.00 1.00 0.12 0.28 0.15 0.05 0.16 0.15 0.00 0.00 0.07 0.01 0.10 0.07 0.00 0.00 0.03 0.01 0.00 0.00 0.00 0.00 1 0 1 0 
spreadrighthand 0.00 0.09 0.10 0.00 0.00 0.06 0.20 0.00 0.00 0.25 0.85 1.00 0.19 0.36 0.14 0.04 0.35 0.26 0.00 0.00 0.13 0.03 0.17 0.15 0.00 0.00 0.04 0.02 0.00 0.00 0.00 0.00 1 0 1 0 
spreadrighthand 0.00 0.13 0.09 0.01 0.00 0.07 0.23 0.00 0.00 0.28 1.00 0.92 0.11 0.26 0.14 0.04 0.13 0.12 0.00 0.00 0.06 0.02 0.10 0.09 0.00 0.00 0.04 0.01 0.00 0.00 0.00 0.00 1 0 1 0 
spreadrighthand 0.00 0.17 0.05 0.01 0.00 0.08 0.17 0.01 0.00 0.30 1.00 0.87 0.12 0.28 0.16 0.05 0.17 0.15 0.00 0.00 0.07 0.03 0.12 0.09 0.00 0.00 0.06 0.02 0.00 0.00 0.00 0.00 1 0 1 0 
spreadrighthand 0.00 0.12 0.07 0.01 0.00 0.06 0.20 0.00 0.00 0.28 1.00 0.91 0.18 0.34 0.21 0.03 0.26 0.22 0.00 0.01 0.11 0.03 0.20 0.22 0.00 0.00 0.06 0.02 0.00 0.00 0.00 0.00 1 0 1 0 
spreadrighthand 0.00 0.15 0.08 0.01 0.00 0.07 0.24 0.00 0.00 0.29 0.95 1.00 0.14 0.31 0.14 0.03 0.19 0.16 0.00 0.00 0.08 0.01 0.10 0.07 0.00 0.00 0.03 0.01 0.00 0.00 0.00 0.00 1 0 1 0 
spreadrighthand 0.00 0.17 0.04 0.01 0.00 0.08 0.18 0.00 0.00 0.32 0.91 1.00 0.13 0.34 0.20 0.03 0.18 0.18 0.00 0.01 0.09 0.03 0.16 0.15 0.00 0.00 0.05 0.02 0.00 0.00 0.00 0.00 1 0 1 0 
spreadrighthand 0.00 0.01 0.02 0.00 0.00 0.00 0.04 0.00 0.00 0.06 0.54 0.50 0.18 0.71 0.19 0.22 0.96 0.79 0.18 0.43 0.07 0.01 1.00 0.67 0.00 0.00 0.03 0.02 0.00 0.00 0.00 0.00 1 0 1 0 
spreadrighthand 0.00 0.02 0.09 0.00 0.00 0.00 0.12 0.03 0.00 0.02 1.00 0.77 0.00 0.22 0.16 0.01 0.01 0.20 0.04 0.06 0.00 0.00 0.05 0.05 0.00 0.00 0.00 0.00 0.00 0.00 0.00 0.00 1 0 1 0 
spreadrighthand 0.00 0.01 0.08 0.00 0.00 0.00 0.12 0.01 0.00 0.02 0.82 1.00 0.00 0.21 0.15 0.01 0.02 0.22 0.06 0.09 0.00 0.00 0.05 0.07 0.00 0.00 0.00 0.00 0.00 0.00 0.00 0.00 1 0 1 0 
spreadrighthand 0.00 0.02 0.12 0.00 0.00 0.00 0.14 0.06 0.00 0.02 0.83 1.00 0.00 0.23 0.20 0.01 0.01 0.22 0.04 0.04 0.00 0.00 0.02 0.03 0.00 0.00 0.00 0.00 0.00 0.00 0.00 0.00 1 0 1 0 
spreadrighthand 0.00 0.02 0.13 0.00 0.00 0.00 0.13 0.01 0.00 0.02 0.88 1.00 0.01 0.38 0.20 0.02 0.02 0.36 0.11 0.16 0.00 0.00 0.11 0.11 0.00 0.00 0.00 0.00 0.00 0.00 0.00 0.00 1 0 1 0 
spreadrighthand 0.00 0.08 0.11 0.01 0.00 0.00 0.13 0.20 0.00 0.03 0.94 1.00 0.01 0.28 0.16 0.01 0.02 0.25 0.06 0.09 0.00 0.00 0.07 0.08 0.00 0.00 0.00 0.00 0.00 0.00 0.00 0.00 1 0 1 0 
spreadrighthand 0.00 0.01 0.09 0.01 0.00 0.01 0.17 0.04 0.00 0.04 1.00 0.73 0.01 0.40 0.18 0.02 0.02 0.36 0.13 0.22 0.00 0.00 0.15 0.16 0.00 0.00 0.00 0.00 0.00 0.00 0.00 0.00 1 0 1 0 
spreadrighthand 0.00 0.18 0.04 0.01 0.00 0.30 0.06 0.01 0.00 0.22 1.00 0.78 0.01 0.43 0.22 0.09 0.02 0.38 0.05 0.05 0.00 0.00 0.03 0.02 0.00 0.00 0.00 0.00 0.00 0.00 0.00 0.00 1 0 1 0 
